b'\x00\x00\x02Q,014,000.36,012,000.48,0972.3,029,+070.1,+036.9,+40.437152:-079.922808:+0362.90,2025-02-15T20:54:33.5,+05.0,0004,\x0311'
b'Q,348,000.11,348,000.35,0972.3,029,+070.1,+036.9,+40.437176:-079.922784:+0363.00,2025-02-15T20:54:34.5,+04.9,0004,\x0312'
b'Q,196,000.37,284,000.47,0972.3,029,+070.1,+036.9,+40.437188:-079.922760:+0363.10,2025-02-15T20:54:35.5,+04.9,0004,\x0318'
b'Q,353,000.26,033,000.28,0972.3,029,+070.1,+036.9,+40.437188:-079.922760:+0363.00,2025-02-15T20:54:36.5,+05.0,0004,\x031E'
b'Q,071,000.07,351,000.13,0972.3,029,+070.1,+037.0,+40.437188:-079.922760:+0362.90,2025-02-15T20:54:37.5,+05.0,0004,\x0310'
b'Q,184,000.21,251,000.18,0972.3,029,+070.1,+037.0,+40.437200:-079.922760:+0362.80,2025-02-15T20:54:38.5,+04.9,0004,\x0310'
b'Q,202,000.83,315,000.93,0972.3,029,+070.1,+037.1,+40.437208:-079.922768:+0362.80,2025-02-15T20:54:39.5,+04.9,0004,\x0317'
b'Q,124,000.82,287,000.92,0972.2,029,+070.1,+037.2,+40.437208:-079.922768:+0362.70,2025-02-15T20:54:40.5,+04.9,0004,\x0319'
b'Q,059,000.61,284,000.77,0972.2,029,+070.1,+037.2,+40.437200:-079.922760:+0362.70,2025-02-15T20:54:41.5,+04.9,0004,\x0316'
b'Q,009,000.70,245,000.57,0972.2,029,+070.1,+037.2,+40.437200:-079.922744:+0362.70,2025-02-15T20:54:42.5,+04.9,0004,\x0319'
b'Q,340,000.58,216,000.40,0972.2,029,+070.1,+037.1,+40.437200:-079.922744:+0362.70,2025-02-15T20:54:43.5,+04.9,0004,\x031F'
b'Q,342,000.50,274,000.54,0972.2,029,+070.1,+037.1,+40.437200:-079.922744:+0362.70,2025-02-15T20:54:44.5,+04.9,0004,\x0313'
b'Q,289,000.36,219,000.14,0972.2,029,+070.1,+037.0,+40.437196:-079.922744:+0362.60,2025-02-15T20:54:45.5,+04.9,0004,\x0317'
b'Q,249,000.30,032,000.18,0972.2,029,+070.1,+037.0,+40.437196:-079.922744:+0362.60,2025-02-15T20:54:46.5,+04.9,0004,\x0319'
b'Q,210,000.40,040,000.43,0972.2,029,+070.1,+037.0,+40.437196:-079.922760:+0362.60,2025-02-15T20:54:47.5,+05.0,0004,\x0316'
b'Q,152,000.35,358,000.39,0972.2,029,+070.1,+036.9,+40.437196:-079.922760:+0362.60,2025-02-15T20:54:48.5,+05.0,0004,\x0311'
b'Q,152,000.49,359,000.59,0972.2,029,+070.1,+036.9,+40.437196:-079.922760:+0362.60,2025-02-15T20:54:49.5,+04.9,0004,\x0314'
b'Q,130,000.15,340,000.27,0972.2,029,+070.1,+036.9,+40.437196:-079.922760:+0362.60,2025-02-15T20:54:50.5,+04.9,0004,\x0310'
b'Q,149,000.33,352,000.52,0972.2,029,+070.1,+036.9,+40.437196:-079.922760:+0362.60,2025-02-15T20:54:51.5,+04.9,0004,\x031A'
b'Q,145,000.63,351,000.85,0972.2,029,+070.1,+036.9,+40.437188:-079.922760:+0362.60,2025-02-15T20:54:52.5,+04.9,0004,\x0316'
b'Q,163,000.64,357,000.96,0972.2,029,+070.1,+036.9,+40.437188:-079.922768:+0362.70,2025-02-15T20:54:53.5,+04.9,0004,\x0319'
b'Q,156,000.61,359,000.77,0972.2,029,+070.1,+036.9,+40.437188:-079.922768:+0362.60,2025-02-15T20:54:54.5,+04.9,0004,\x031D'
b'Q,161,000.23,357,000.41,0972.2,029,+070.1,+036.9,+40.437196:-079.922784:+0362.50,2025-02-15T20:54:55.5,+04.9,0004,\x031B'
b'Q,329,000.51,217,000.27,0972.2,029,+070.1,+036.9,+40.437200:-079.922784:+0362.40,2025-02-15T20:54:56.5,+04.9,0004,\x031B'
b'Q,005,000.61,261,000.57,0972.2,029,+070.1,+036.9,+40.437200:-079.922784:+0362.20,2025-02-15T20:54:57.5,+04.9,0004,\x0314'
b'Q,001,000.90,247,001.25,0972.2,029,+070.1,+036.9,+40.437200:-079.922768:+0362.10,2025-02-15T20:54:58.5,+04.9,0004,\x0310'
b'Q,007,001.58,237,002.04,0972.2,029,+070.1,+036.9,+40.437200:-079.922760:+0362.10,2025-02-15T20:54:59.5,+04.9,0004,\x031D'
b'Q,015,002.66,237,003.29,0972.2,029,+070.1,+036.9,+40.437200:-079.922744:+0361.90,2025-02-15T20:55:00.5,+04.9,0004,\x031E'
b'Q,028,002.11,245,002.72,0972.2,029,+070.1,+036.9,+40.437208:-079.922744:+0361.70,2025-02-15T20:55:01.5,+04.9,0004,\x031D'
b'Q,025,002.76,237,003.12,0972.2,029,+070.1,+036.9,+40.437200:-079.922744:+0361.70,2025-02-15T20:55:02.5,+04.9,0004,\x0318'
b'Q,036,003.69,241,004.19,0972.2,029,+070.1,+037.0,+40.437208:-079.922744:+0361.70,2025-02-15T20:55:03.5,+04.9,0004,\x0319'
b'Q,041,002.64,242,003.05,0972.2,029,+070.1,+037.0,+40.437212:-079.922744:+0361.70,2025-02-15T20:55:04.5,+04.9,0004,\x0310'
b'Q,036,002.88,237,003.20,0972.2,029,+070.1,+037.0,+40.437212:-079.922744:+0361.70,2025-02-15T20:55:05.5,+04.9,0004,\x0316'
b'Q,030,002.81,233,002.91,0972.2,029,+070.1,+036.9,+40.437212:-079.922760:+0361.70,2025-02-15T20:55:06.5,+04.9,0004,\x031B'
b'Q,033,001.37,240,001.49,0972.2,029,+070.1,+036.9,+40.437212:-079.922768:+0361.70,2025-02-15T20:55:07.5,+04.9,0004,\x031D'
b'Q,015,002.45,228,002.60,0972.2,029,+070.1,+036.9,+40.437212:-079.922760:+0361.80,2025-02-15T20:55:08.5,+05.0,0004,\x0319'
b'Q,008,003.97,225,004.16,0972.2,029,+070.1,+036.9,+40.437212:-079.922768:+0361.70,2025-02-15T20:55:09.5,+05.0,0004,\x0317'
b'Q,018,004.47,237,005.04,0972.2,029,+070.1,+036.9,+40.437216:-079.922760:+0361.70,2025-02-15T20:55:10.5,+05.0,0004,\x0319'
b'Q,022,003.06,241,003.55,0972.2,029,+070.1,+036.9,+40.437216:-079.922760:+0361.70,2025-02-15T20:55:11.5,+05.0,0004,\x0310'
b'Q,022,001.02,241,001.38,0972.2,029,+070.1,+036.9,+40.437216:-079.922768:+0361.70,2025-02-15T20:55:12.5,+05.0,0004,\x0314'
b'Q,027,000.92,243,001.10,0972.2,029,+070.1,+036.9,+40.437228:-079.922784:+0361.70,2025-02-15T20:55:13.5,+05.0,0004,\x031F'
b'Q,016,003.68,232,003.79,0972.2,029,+070.1,+036.9,+40.437228:-079.922784:+0361.80,2025-02-15T20:55:14.5,+05.0,0004,\x0318'
b'Q,005,003.41,222,003.58,0972.2,029,+070.1,+036.9,+40.437228:-079.922784:+0361.90,2025-02-15T20:55:15.5,+05.0,0004,\x0313'
b'Q,016,002.35,232,002.49,0972.2,029,+070.1,+036.9,+40.437216:-079.922784:+0361.90,2025-02-15T20:55:16.5,+05.0,0004,\x031D'
b'Q,021,002.12,230,002.12,0972.2,029,+070.1,+036.9,+40.437216:-079.922808:+0361.90,2025-02-15T20:55:17.5,+05.0,0004,\x031A'
b'Q,028,002.27,239,002.38,0972.2,029,+070.1,+036.9,+40.437228:-079.922808:+0361.90,2025-02-15T20:55:18.5,+05.0,0004,\x0316'
b'Q,033,002.43,241,002.71,0972.2,029,+070.1,+036.9,+40.437228:-079.922816:+0361.90,2025-02-15T20:55:19.5,+05.0,0004,\x0312'
b'Q,029,002.23,238,002.48,0972.2,029,+070.1,+036.9,+40.437228:-079.922816:+0361.90,2025-02-15T20:55:20.5,+05.0,0004,\x0311'
b'Q,027,002.90,239,003.04,0972.2,029,+070.1,+036.9,+40.437228:-079.922832:+0361.90,2025-02-15T20:55:21.5,+05.0,0004,\x0318'
b'Q,020,002.81,238,002.95,0972.2,029,+070.1,+036.9,+40.437228:-079.922832:+0361.90,2025-02-15T20:55:22.5,+05.0,0004,\x0314'
b'Q,016,002.63,233,002.79,0972.2,029,+070.1,+036.9,+40.437228:-079.922832:+0361.90,2025-02-15T20:55:23.5,+05.0,0004,\x0315'
b'Q,011,002.50,232,002.81,0972.2,029,+070.1,+036.9,+40.437228:-079.922832:+0361.90,2025-02-15T20:55:24.5,+05.0,0004,\x0313'
b'Q,016,001.68,240,002.07,0972.2,029,+070.1,+036.9,+40.437216:-079.922840:+0361.90,2025-02-15T20:55:25.5,+05.0,0004,\x031E'
b'Q,021,001.15,249,001.48,0972.2,029,+070.1,+036.9,+40.437228:-079.922840:+0361.90,2025-02-15T20:55:26.5,+05.0,0004,\x031F'
b'Q,024,000.70,254,001.14,0972.2,029,+070.1,+036.9,+40.437228:-079.922840:+0362.00,2025-02-15T20:55:27.5,+05.0,0004,\x0316'
b'Q,021,000.83,253,001.04,0972.2,029,+070.1,+036.9,+40.437228:-079.922840:+0362.10,2025-02-15T20:55:28.5,+05.0,0004,\x0317'
b'Q,005,003.54,237,003.73,0972.2,029,+070.1,+036.9,+40.437228:-079.922840:+0362.10,2025-02-15T20:55:29.5,+05.0,0004,\x0319'
b'Q,001,004.14,233,004.37,0972.2,029,+070.1,+036.9,+40.437232:-079.922840:+0362.00,2025-02-15T20:55:30.5,+05.0,0004,\x031F'
b'Q,000,002.69,227,002.82,0972.2,029,+070.1,+036.9,+40.437232:-079.922840:+0362.10,2025-02-15T20:55:31.5,+05.0,0004,\x031F'
b'Q,012,002.92,237,003.13,0972.2,029,+070.1,+036.9,+40.437240:-079.922840:+0362.10,2025-02-15T20:55:32.5,+05.0,0004,\x0316'
b'Q,030,002.73,246,003.03,0972.2,029,+070.1,+036.8,+40.437240:-079.922840:+0362.10,2025-02-15T20:55:33.5,+05.0,0004,\x031E'
b'Q,037,002.27,247,002.47,0972.2,029,+070.1,+036.8,+40.437240:-079.922840:+0362.20,2025-02-15T20:55:34.5,+05.0,0004,\x031C'
b'Q,031,002.65,241,002.83,0972.2,029,+070.1,+036.8,+40.437240:-079.922848:+0362.30,2025-02-15T20:55:35.5,+05.0,0004,\x031A'
b'Q,031,003.05,236,003.23,0972.2,029,+070.1,+036.8,+40.437240:-079.922848:+0362.30,2025-02-15T20:55:36.5,+05.0,0004,\x0315'
b'Q,034,003.20,237,003.32,0972.2,029,+070.1,+036.8,+40.437248:-079.922848:+0362.30,2025-02-15T20:55:37.5,+05.0,0004,\x031F'
b'Q,046,003.62,240,003.83,0972.2,029,+070.1,+036.8,+40.437248:-079.922840:+0362.30,2025-02-15T20:55:38.5,+05.0,0004,\x0311'
b'Q,044,002.74,249,002.90,0972.2,029,+070.1,+036.8,+40.437248:-079.922832:+0362.30,2025-02-15T20:55:39.5,+05.0,0004,\x031B'
b'Q,040,002.94,247,003.03,0972.2,029,+070.1,+036.8,+40.437252:-079.922832:+0362.10,2025-02-15T20:55:40.5,+05.0,0004,\x0313'
b'Q,043,003.40,244,003.50,0972.2,029,+070.0,+036.8,+40.437252:-079.922832:+0362.00,2025-02-15T20:55:41.5,+05.0,0004,\x031C'
b'Q,048,003.39,255,003.45,0972.2,029,+070.0,+036.8,+40.437252:-079.922816:+0361.80,2025-02-15T20:55:42.5,+05.0,0004,\x0313'
b'Q,044,003.99,256,004.08,0972.2,029,+070.0,+036.8,+40.437252:-079.922816:+0361.60,2025-02-15T20:55:43.5,+05.0,0004,\x0317'
b'Q,042,004.47,270,004.49,0972.2,029,+070.0,+036.7,+40.437260:-079.922816:+0361.30,2025-02-15T20:55:44.5,+05.0,0004,\x0318'
b'Q,046,004.14,267,004.25,0972.2,029,+070.0,+036.7,+40.437264:-079.922816:+0361.20,2025-02-15T20:55:45.5,+05.0,0004,\x0312'
b'Q,053,003.98,255,004.16,0972.2,029,+070.0,+036.7,+40.437264:-079.922816:+0361.00,2025-02-15T20:55:46.5,+05.0,0004,\x0315'
b'Q,057,003.37,250,003.46,0972.2,029,+070.0,+036.7,+40.437264:-079.922808:+0360.90,2025-02-15T20:55:47.5,+05.0,0004,\x0315'
b'Q,052,002.95,237,002.98,0972.2,029,+070.0,+036.7,+40.437264:-079.922808:+0360.80,2025-02-15T20:55:48.5,+05.0,0004,\x0314'
b'Q,050,002.99,236,003.25,0972.2,029,+070.0,+036.7,+40.437264:-079.922808:+0360.80,2025-02-15T20:55:49.5,+05.0,0004,\x031D'
b'Q,058,002.91,244,003.06,0972.2,029,+070.0,+036.7,+40.437264:-079.922808:+0360.70,2025-02-15T20:55:50.5,+05.0,0004,\x031E'
b'Q,064,002.47,242,002.49,0972.2,029,+069.9,+036.7,+40.437264:-079.922808:+0360.70,2025-02-15T20:55:51.5,+05.0,0004,\x0316'
b'Q,065,002.73,251,002.83,0972.2,029,+069.9,+036.8,+40.437264:-079.922784:+0360.50,2025-02-15T20:55:52.5,+05.0,0004,\x0311'
b'Q,062,002.00,256,002.12,0972.2,029,+069.9,+036.7,+40.437264:-079.922784:+0360.50,2025-02-15T20:55:53.5,+05.0,0004,\x0313'
b'Q,055,002.19,257,002.48,0972.2,029,+069.9,+036.7,+40.437280:-079.922768:+0360.40,2025-02-15T20:55:54.5,+05.0,0004,\x031F'
b'Q,041,001.99,252,002.55,0972.2,029,+069.9,+036.7,+40.437264:-079.922760:+0360.30,2025-02-15T20:55:55.5,+05.0,0004,\x031C'
b'Q,026,003.15,246,003.63,0972.2,029,+069.9,+036.7,+40.437264:-079.922744:+0360.20,2025-02-15T20:55:56.5,+05.0,0004,\x031E'
b'Q,023,001.19,247,001.55,0972.2,029,+069.9,+036.7,+40.437264:-079.922744:+0360.20,2025-02-15T20:55:57.5,+05.0,0004,\x0312'
b'Q,022,000.33,250,000.78,0972.2,029,+069.9,+036.7,+40.437280:-079.922736:+0360.10,2025-02-15T20:55:58.5,+05.0,0004,\x0311'
b'Q,001,000.49,230,000.75,0972.2,029,+069.9,+036.7,+40.437264:-079.922736:+0360.00,2025-02-15T20:55:59.5,+05.0,0004,\x031C'
b'Q,036,001.35,246,001.82,0972.2,029,+069.9,+036.7,+40.437264:-079.922736:+0360.00,2025-02-15T20:56:00.5,+05.0,0004,\x0315'
b'Q,031,002.03,241,002.53,0972.2,029,+069.9,+036.7,+40.437260:-079.922720:+0359.90,2025-02-15T20:56:01.5,+05.0,0004,\x031D'
b'Q,035,003.38,240,003.95,0972.2,029,+069.9,+036.7,+40.437260:-079.922720:+0359.60,2025-02-15T20:56:02.5,+05.0,0004,\x0316'
b'Q,045,003.71,247,004.53,0972.2,029,+069.9,+036.7,+40.437260:-079.922704:+0359.50,2025-02-15T20:56:03.5,+05.0,0004,\x0312'
b'Q,039,004.05,241,004.70,0972.2,029,+069.9,+036.7,+40.437260:-079.922680:+0359.50,2025-02-15T20:56:04.5,+05.0,0004,\x0310'
b'Q,030,004.15,242,004.70,0972.2,029,+069.9,+036.7,+40.437252:-079.922680:+0359.50,2025-02-15T20:56:05.5,+05.0,0004,\x031B'
b'Q,033,002.19,251,002.76,0972.2,029,+069.9,+036.7,+40.437252:-079.922680:+0359.40,2025-02-15T20:56:06.5,+05.0,0004,\x0312'
b'Q,012,003.16,235,003.51,0972.2,029,+069.9,+036.7,+40.437252:-079.922680:+0359.40,2025-02-15T20:56:07.5,+05.0,0004,\x0318'
b'Q,000,001.28,226,001.48,0972.2,029,+069.8,+036.6,+40.437252:-079.922680:+0359.40,2025-02-15T20:56:08.5,+05.0,0004,\x0313'
b'Q,018,000.57,234,000.66,0972.2,029,+069.8,+036.6,+40.437252:-079.922680:+0359.40,2025-02-15T20:56:09.5,+05.0,0004,\x031C'
b'Q,016,000.81,234,001.07,0972.2,029,+069.8,+036.6,+40.437248:-079.922680:+0359.50,2025-02-15T20:56:10.5,+05.0,0004,\x031D'
b'Q,021,000.74,251,001.28,0972.2,029,+069.8,+036.6,+40.437240:-079.922680:+0359.70,2025-02-15T20:56:11.5,+05.0,0004,\x0316'
b'Q,045,001.87,255,002.40,0972.2,029,+069.8,+036.6,+40.437240:-079.922680:+0359.80,2025-02-15T20:56:12.5,+05.0,0004,\x031C'
b'Q,043,002.27,250,002.59,0972.2,029,+069.8,+036.6,+40.437240:-079.922680:+0359.80,2025-02-15T20:56:13.5,+05.0,0004,\x031F'
b'Q,022,002.31,240,002.59,0972.2,029,+069.8,+036.7,+40.437240:-079.922680:+0359.90,2025-02-15T20:56:14.5,+05.0,0004,\x0319'
b'Q,025,002.76,250,003.13,0972.2,029,+069.8,+036.7,+40.437248:-079.922680:+0359.80,2025-02-15T20:56:15.5,+05.0,0004,\x031B'
b'Q,008,003.52,241,003.59,0972.2,029,+069.8,+036.7,+40.437248:-079.922680:+0359.80,2025-02-15T20:56:16.5,+05.0,0004,\x031E'
b'Q,353,004.47,235,004.48,0972.2,029,+069.8,+036.7,+40.437248:-079.922680:+0359.90,2025-02-15T20:56:17.5,+05.0,0004,\x0314'
b'Q,348,004.56,239,004.61,0972.2,029,+069.8,+036.7,+40.437240:-079.922704:+0359.90,2025-02-15T20:56:18.5,+05.0,0004,\x0313'
b'Q,344,004.38,240,004.46,0972.2,029,+069.8,+036.7,+40.437240:-079.922704:+0359.90,2025-02-15T20:56:19.5,+05.0,0004,\x031D'
b'Q,345,002.00,234,002.06,0972.2,029,+069.8,+036.7,+40.437240:-079.922704:+0359.90,2025-02-15T20:56:20.5,+05.0,0004,\x031A'
b'Q,352,002.18,234,002.33,0972.2,029,+069.8,+036.7,+40.437240:-079.922720:+0360.00,2025-02-15T20:56:21.5,+05.0,0004,\x0317'
b'Q,002,002.73,242,003.00,0972.2,029,+069.8,+036.7,+40.437232:-079.922720:+0360.10,2025-02-15T20:56:22.5,+05.0,0004,\x031B'
b'Q,003,003.42,236,003.74,0972.2,029,+069.8,+036.7,+40.437232:-079.922736:+0360.00,2025-02-15T20:56:23.5,+05.0,0004,\x031E'
b'Q,010,003.39,234,003.66,0972.2,029,+069.8,+036.7,+40.437228:-079.922736:+0360.10,2025-02-15T20:56:24.5,+05.0,0004,\x031C'
b'Q,016,003.34,242,003.66,0972.2,029,+069.8,+036.7,+40.437228:-079.922744:+0360.00,2025-02-15T20:56:25.5,+05.0,0004,\x0313'
b'Q,034,002.64,258,002.64,0972.2,029,+069.8,+036.7,+40.437228:-079.922760:+0360.00,2025-02-15T20:56:26.5,+05.0,0004,\x031A'
b'Q,047,002.79,253,002.74,0972.2,029,+069.8,+036.7,+40.437228:-079.922760:+0360.10,2025-02-15T20:56:27.5,+05.0,0004,\x0318'
b'Q,061,003.09,248,003.07,0972.2,029,+069.8,+036.7,+40.437228:-079.922760:+0360.20,2025-02-15T20:56:28.5,+05.0,0004,\x0319'
b'Q,059,002.82,257,002.82,0972.2,029,+069.8,+036.7,+40.437228:-079.922760:+0360.20,2025-02-15T20:56:29.5,+05.0,0004,\x0313'
b'Q,045,002.18,260,002.19,0972.2,029,+069.8,+036.7,+40.437228:-079.922760:+0360.40,2025-02-15T20:56:30.5,+05.0,0004,\x0315'
b'Q,039,001.93,258,001.93,0972.2,029,+069.8,+036.7,+40.437228:-079.922744:+0360.50,2025-02-15T20:56:31.5,+05.0,0004,\x0312'
b'Q,032,001.57,263,001.59,0972.2,029,+069.8,+036.7,+40.437228:-079.922744:+0360.50,2025-02-15T20:56:32.5,+05.0,0004,\x031C'
b'Q,007,001.89,239,001.85,0972.2,029,+069.8,+036.7,+40.437228:-079.922744:+0360.60,2025-02-15T20:56:33.5,+05.0,0004,\x0315'
b'Q,037,002.31,267,002.37,0972.2,029,+069.8,+036.7,+40.437228:-079.922744:+0360.60,2025-02-15T20:56:34.5,+05.0,0004,\x0310'
b'Q,036,001.92,261,001.93,0972.2,029,+069.8,+036.7,+40.437228:-079.922760:+0360.60,2025-02-15T20:56:35.5,+05.0,0004,\x0317'
b'Q,066,002.22,281,002.41,0972.2,029,+069.8,+036.7,+40.437228:-079.922768:+0360.70,2025-02-15T20:56:36.5,+05.0,0004,\x0312'
b'Q,070,002.88,279,002.61,0972.2,029,+069.8,+036.7,+40.437228:-079.922768:+0360.70,2025-02-15T20:56:37.5,+05.0,0004,\x0311'
b'Q,072,002.47,269,001.79,0972.2,029,+069.8,+036.7,+40.437228:-079.922784:+0360.70,2025-02-15T20:56:38.5,+05.0,0004,\x0316'
b'Q,065,002.21,259,001.59,0972.2,029,+069.7,+036.6,+40.437228:-079.922784:+0360.60,2025-02-15T20:56:39.5,+05.0,0004,\x031F'
b'Q,061,002.82,271,002.12,0972.2,029,+069.7,+036.6,+40.437228:-079.922784:+0360.50,2025-02-15T20:56:40.5,+05.0,0004,\x0319'
b'Q,037,002.83,253,002.19,0972.2,029,+069.7,+036.6,+40.437228:-079.922784:+0360.50,2025-02-15T20:56:41.5,+05.0,0004,\x0311'
b'Q,002,002.54,225,002.07,0972.2,029,+069.7,+036.6,+40.437216:-079.922808:+0360.40,2025-02-15T20:56:42.5,+05.0,0004,\x0317'
b'Q,348,000.90,187,000.66,0972.2,029,+069.7,+036.6,+40.437228:-079.922808:+0360.30,2025-02-15T20:56:43.5,+05.0,0004,\x0315'
b'Q,022,003.40,249,002.83,0972.2,029,+069.7,+036.6,+40.437228:-079.922816:+0360.30,2025-02-15T20:56:44.5,+05.0,0004,\x0314'
b'Q,045,004.03,265,003.39,0972.2,029,+069.7,+036.6,+40.437216:-079.922832:+0360.40,2025-02-15T20:56:45.5,+05.0,0004,\x0316'
b'Q,061,003.78,273,003.14,0972.2,029,+069.7,+036.6,+40.437216:-079.922832:+0360.50,2025-02-15T20:56:46.5,+05.0,0004,\x0311'
b'Q,058,001.87,250,001.49,0972.2,029,+069.7,+036.6,+40.437212:-079.922832:+0360.50,2025-02-15T20:56:47.5,+05.0,0004,\x0317'
b'Q,054,001.96,254,001.74,0972.2,029,+069.7,+036.6,+40.437212:-079.922832:+0360.60,2025-02-15T20:56:48.5,+05.0,0004,\x031D'
b'Q,041,002.13,249,001.79,0972.2,029,+069.7,+036.6,+40.437212:-079.922832:+0360.70,2025-02-15T20:56:49.5,+05.0,0004,\x0316'
b'Q,044,003.36,245,003.04,0972.2,029,+069.7,+036.7,+40.437208:-079.922832:+0360.80,2025-02-15T20:56:50.5,+05.0,0004,\x031C'
b'Q,033,003.39,245,003.32,0972.2,029,+069.7,+036.7,+40.437208:-079.922832:+0360.80,2025-02-15T20:56:51.5,+05.0,0004,\x0317'
b'Q,028,003.86,243,003.51,0972.2,029,+069.7,+036.7,+40.437208:-079.922832:+0360.90,2025-02-15T20:56:52.5,+05.0,0004,\x0318'
b'Q,037,002.05,259,001.80,0972.2,029,+069.7,+036.7,+40.437208:-079.922816:+0361.10,2025-02-15T20:56:53.5,+05.0,0004,\x0317'
b'Q,030,001.26,265,001.15,0972.2,029,+069.7,+036.7,+40.437200:-079.922816:+0361.20,2025-02-15T20:56:54.5,+05.0,0004,\x031D'
b'Q,001,002.19,252,001.95,0972.2,029,+069.7,+036.7,+40.437200:-079.922832:+0361.30,2025-02-15T20:56:55.5,+05.0,0004,\x031A'
b'Q,345,002.84,241,002.53,0972.2,029,+069.7,+036.7,+40.437200:-079.922832:+0361.40,2025-02-15T20:56:56.5,+05.0,0004,\x0312'
b'Q,349,001.24,245,000.99,0972.2,029,+069.6,+036.6,+40.437200:-079.922816:+0361.60,2025-02-15T20:56:57.5,+05.0,0004,\x0312'
b'Q,349,002.34,242,002.08,0972.2,029,+069.6,+036.6,+40.437200:-079.922832:+0361.60,2025-02-15T20:56:58.5,+05.0,0004,\x0314'
b'Q,358,002.30,253,002.07,0972.2,029,+069.6,+036.6,+40.437200:-079.922832:+0361.70,2025-02-15T20:56:59.5,+05.0,0004,\x031F'
b'Q,016,002.20,249,002.06,0972.2,029,+069.6,+036.6,+40.437200:-079.922832:+0361.70,2025-02-15T20:57:00.5,+05.0,0004,\x0310'
b'Q,021,001.95,252,001.87,0972.2,029,+069.6,+036.6,+40.437208:-079.922840:+0361.70,2025-02-15T20:57:01.5,+05.0,0004,\x0315'
b'Q,019,002.60,237,002.35,0972.2,029,+069.6,+036.6,+40.437208:-079.922840:+0361.80,2025-02-15T20:57:02.5,+05.0,0004,\x0312'
b'Q,034,002.54,247,002.16,0972.2,029,+069.6,+036.6,+40.437200:-079.922832:+0362.00,2025-02-15T20:57:03.5,+05.0,0004,\x031B'
b'Q,029,003.40,243,003.12,0972.2,029,+069.6,+036.6,+40.437200:-079.922832:+0362.10,2025-02-15T20:57:04.5,+05.0,0004,\x0314'
b'Q,005,002.44,236,002.35,0972.2,029,+069.6,+036.6,+40.437200:-079.922840:+0362.20,2025-02-15T20:57:05.5,+05.0,0004,\x031E'
b'Q,008,003.03,260,002.80,0972.2,029,+069.6,+036.7,+40.437200:-079.922840:+0362.30,2025-02-15T20:57:06.5,+05.0,0004,\x031F'
b'Q,355,003.20,259,002.74,0972.2,029,+069.6,+036.7,+40.437200:-079.922848:+0362.30,2025-02-15T20:57:07.5,+05.0,0004,\x031D'
b'Q,000,003.87,262,003.29,0972.2,029,+069.6,+036.7,+40.437200:-079.922848:+0362.30,2025-02-15T20:57:08.5,+05.0,0004,\x031D'
b'Q,013,004.09,251,003.61,0972.2,029,+069.6,+036.7,+40.437200:-079.922848:+0362.40,2025-02-15T20:57:09.5,+05.0,0004,\x0314'
b'Q,017,002.49,224,001.97,0972.2,029,+069.6,+036.7,+40.437196:-079.922864:+0362.50,2025-02-15T20:57:10.5,+05.0,0004,\x0310'
b'Q,025,003.21,228,002.65,0972.2,029,+069.6,+036.7,+40.437196:-079.922864:+0362.60,2025-02-15T20:57:11.5,+05.0,0004,\x031E'
b'Q,029,003.77,244,003.34,0972.2,029,+069.6,+036.7,+40.437196:-079.922888:+0362.60,2025-02-15T20:57:12.5,+05.0,0004,\x031F'
b'Q,017,004.33,242,003.77,0972.2,029,+069.6,+036.7,+40.437188:-079.922888:+0362.70,2025-02-15T20:57:13.5,+05.0,0004,\x031B'
b'Q,007,003.74,249,003.30,0972.2,029,+069.6,+036.7,+40.437188:-079.922888:+0362.60,2025-02-15T20:57:14.5,+05.0,0004,\x0310'
b'Q,359,002.93,244,002.51,0972.2,029,+069.6,+036.7,+40.437188:-079.922896:+0362.70,2025-02-15T20:57:15.5,+05.0,0004,\x0314'
b'Q,000,003.25,240,002.90,0972.2,029,+069.6,+036.7,+40.437188:-079.922896:+0362.70,2025-02-15T20:57:16.5,+05.0,0004,\x031D'
b'Q,021,003.34,255,003.10,0972.2,029,+069.6,+036.7,+40.437188:-079.922896:+0362.70,2025-02-15T20:57:17.5,+05.0,0004,\x0312'
b'Q,027,000.81,259,000.61,0972.2,029,+069.6,+036.7,+40.437176:-079.922896:+0362.70,2025-02-15T20:57:18.5,+05.0,0004,\x031E'
b'Q,050,002.27,273,002.19,0972.2,029,+069.6,+036.7,+40.437176:-079.922896:+0362.80,2025-02-15T20:57:19.5,+05.0,0004,\x031B'
b'Q,042,002.38,242,002.13,0972.2,029,+069.6,+036.7,+40.437176:-079.922920:+0362.90,2025-02-15T20:57:20.5,+05.0,0004,\x0319'
b'Q,035,001.70,198,001.44,0972.2,029,+069.6,+036.7,+40.437176:-079.922920:+0363.10,2025-02-15T20:57:21.5,+05.0,0004,\x031B'
b'Q,032,003.13,200,002.82,0972.2,029,+069.6,+036.7,+40.437152:-079.922896:+0363.50,2025-02-15T20:57:22.5,+05.0,0004,\x031D'
b'Q,033,003.66,208,003.38,0972.2,029,+069.5,+036.6,+40.437152:-079.922896:+0363.70,2025-02-15T20:57:23.5,+05.0,0004,\x0317'
b'Q,026,004.40,206,004.09,0972.2,029,+069.5,+036.6,+40.437152:-079.922896:+0363.90,2025-02-15T20:57:24.5,+05.0,0004,\x0312'
b'Q,023,004.46,239,004.17,0972.2,029,+069.5,+036.6,+40.437152:-079.922888:+0364.00,2025-02-15T20:57:25.5,+05.0,0004,\x0312'
b'Q,016,003.79,243,003.67,0972.2,030,+069.5,+036.7,+40.437152:-079.922896:+0364.30,2025-02-15T20:57:26.5,+05.0,0004,\x0314'
b'Q,001,002.75,234,002.69,0972.2,030,+069.5,+036.7,+40.437152:-079.922888:+0364.40,2025-02-15T20:57:27.5,+05.0,0004,\x0319'
b'Q,005,003.50,227,003.43,0972.2,030,+069.5,+036.7,+40.437152:-079.922896:+0364.60,2025-02-15T20:57:28.5,+05.0,0004,\x0312'
b'Q,002,003.54,210,003.19,0972.2,030,+069.5,+036.7,+40.437168:-079.922896:+0364.70,2025-02-15T20:57:29.5,+05.0,0004,\x0313'
b'Q,015,003.40,207,003.14,0972.2,030,+069.5,+036.7,+40.437168:-079.922896:+0364.80,2025-02-15T20:57:30.5,+05.0,0004,\x031C'
b'Q,032,002.58,219,002.47,0972.2,030,+069.5,+036.7,+40.437152:-079.922896:+0364.80,2025-02-15T20:57:31.5,+05.0,0004,\x0311'
b'Q,040,002.90,209,002.64,0972.2,030,+069.5,+036.7,+40.437152:-079.922896:+0364.90,2025-02-15T20:57:32.5,+05.0,0004,\x0312'
b'Q,048,003.49,221,003.20,0972.2,030,+069.5,+036.7,+40.437152:-079.922888:+0365.00,2025-02-15T20:57:33.5,+05.0,0004,\x0312'
b'Q,034,003.96,234,003.70,0972.2,030,+069.5,+036.7,+40.437152:-079.922888:+0365.10,2025-02-15T20:57:34.5,+05.0,0004,\x031C'
b'Q,023,003.25,241,003.02,0972.2,030,+069.5,+036.7,+40.437152:-079.922896:+0365.00,2025-02-15T20:57:35.5,+05.0,0004,\x031A'
b'Q,001,002.38,232,002.07,0972.2,030,+069.5,+036.7,+40.437152:-079.922888:+0365.20,2025-02-15T20:57:36.5,+05.0,0004,\x0319'
b'Q,299,000.63,142,000.72,0972.2,030,+069.5,+036.7,+40.437152:-079.922896:+0365.30,2025-02-15T20:57:37.5,+05.0,0004,\x031D'
b'Q,275,000.32,114,000.55,0972.2,030,+069.5,+036.7,+40.437152:-079.922896:+0365.30,2025-02-15T20:57:38.5,+05.0,0004,\x0312'
b'Q,000,001.17,207,000.86,0972.2,030,+069.5,+036.7,+40.437152:-079.922896:+0365.30,2025-02-15T20:57:39.5,+05.0,0004,\x031A'
b'Q,020,002.31,217,002.09,0972.2,030,+069.5,+036.7,+40.437152:-079.922896:+0365.30,2025-02-15T20:57:40.5,+05.0,0004,\x0315'
b'Q,005,002.68,193,002.45,0972.2,030,+069.5,+036.7,+40.437152:-079.922920:+0365.40,2025-02-15T20:57:41.5,+05.0,0004,\x0313'
b'Q,357,004.58,214,004.27,0972.2,030,+069.5,+036.7,+40.437152:-079.922920:+0365.40,2025-02-15T20:57:42.5,+05.0,0004,\x031F'
b'Q,346,004.64,231,004.32,0972.2,030,+069.5,+036.7,+40.437152:-079.922920:+0365.40,2025-02-15T20:57:43.5,+05.0,0004,\x0312'
b'Q,310,000.58,156,000.53,0972.2,030,+069.5,+036.7,+40.437152:-079.922920:+0365.30,2025-02-15T20:57:44.5,+05.0,0004,\x031B'
b'Q,337,000.78,180,000.59,0972.2,030,+069.5,+036.7,+40.437152:-079.922896:+0365.30,2025-02-15T20:57:45.5,+05.0,0004,\x0310'
b'Q,347,003.19,203,002.95,0972.2,030,+069.5,+036.7,+40.437152:-079.922920:+0365.10,2025-02-15T20:57:46.5,+05.0,0004,\x0314'
b'Q,008,002.84,215,002.66,0972.2,030,+069.5,+036.7,+40.437152:-079.922920:+0365.00,2025-02-15T20:57:47.5,+05.0,0004,\x0312'
b'Q,018,002.27,203,002.03,0972.2,030,+069.5,+036.7,+40.437152:-079.922920:+0364.90,2025-02-15T20:57:48.5,+05.0,0004,\x0319'
b'Q,033,001.93,188,001.74,0972.2,030,+069.5,+036.7,+40.437168:-079.922896:+0365.10,2025-02-15T20:57:49.5,+05.0,0004,\x0312'
b'Q,058,002.85,211,002.64,0972.2,030,+069.5,+036.7,+40.437176:-079.922888:+0365.40,2025-02-15T20:57:50.5,+05.0,0004,\x0317'
b'Q,054,003.16,215,003.25,0972.2,030,+069.5,+036.7,+40.437176:-079.922888:+0365.70,2025-02-15T20:57:51.5,+05.0,0004,\x0312'
b'Q,040,002.05,221,002.16,0972.2,030,+069.5,+036.7,+40.437188:-079.922888:+0365.90,2025-02-15T20:57:52.5,+05.0,0004,\x031E'
b'Q,005,003.38,239,003.35,0972.2,030,+069.5,+036.7,+40.437196:-079.922888:+0366.00,2025-02-15T20:57:53.5,+05.0,0004,\x031D'
b'Q,331,002.81,217,002.86,0972.2,030,+069.5,+036.7,+40.437196:-079.922864:+0366.00,2025-02-15T20:57:54.5,+05.0,0004,\x031A'
b'Q,314,002.99,228,003.01,0972.2,030,+069.5,+036.7,+40.437188:-079.922848:+0366.10,2025-02-15T20:57:55.5,+05.0,0004,\x0317'
b'Q,330,003.38,231,003.38,0972.2,030,+069.5,+036.7,+40.437188:-079.922848:+0366.10,2025-02-15T20:57:56.5,+05.0,0004,\x031A'
b'Q,348,003.03,242,003.01,0972.2,030,+069.6,+036.8,+40.437196:-079.922848:+0366.20,2025-02-15T20:57:57.5,+05.0,0004,\x0312'
b'Q,343,003.96,260,003.88,0972.2,030,+069.6,+036.8,+40.437196:-079.922840:+0366.20,2025-02-15T20:57:58.5,+05.0,0004,\x0313'
b'Q,326,002.89,224,002.95,0972.2,030,+069.6,+036.8,+40.437200:-079.922840:+0366.30,2025-02-15T20:57:59.5,+05.0,0004,\x031E'
b'Q,328,002.74,217,002.80,0972.2,030,+069.6,+036.8,+40.437200:-079.922840:+0366.20,2025-02-15T20:58:00.5,+05.0,0004,\x0314'
b'Q,332,003.02,224,003.05,0972.2,030,+069.6,+036.8,+40.437200:-079.922848:+0366.10,2025-02-15T20:58:01.5,+05.0,0004,\x0319'
b'Q,345,004.10,241,004.08,0972.2,030,+069.6,+036.8,+40.437208:-079.922864:+0366.00,2025-02-15T20:58:02.5,+05.0,0004,\x0310'
b'Q,357,004.32,246,004.27,0972.2,030,+069.6,+036.8,+40.437212:-079.922864:+0365.90,2025-02-15T20:58:03.5,+05.0,0004,\x0319'
b'Q,339,003.98,234,004.00,0972.2,030,+069.6,+036.8,+40.437212:-079.922864:+0365.40,2025-02-15T20:58:04.5,+05.0,0004,\x031C'
b'Q,306,003.25,228,003.29,0972.2,030,+069.6,+036.8,+40.437212:-079.922864:+0365.10,2025-02-15T20:58:05.5,+05.0,0004,\x0313'
b'Q,279,002.34,215,002.43,0972.2,030,+069.6,+036.8,+40.437216:-079.922848:+0365.20,2025-02-15T20:58:06.5,+05.0,0004,\x0312'
b'Q,271,002.15,226,002.19,0972.2,030,+069.6,+036.8,+40.437216:-079.922848:+0365.10,2025-02-15T20:58:07.5,+05.0,0004,\x0314'
b'Q,253,001.76,217,001.78,0972.2,030,+069.6,+036.8,+40.437216:-079.922848:+0365.10,2025-02-15T20:58:08.5,+05.0,0004,\x031B'
b'Q,257,002.19,244,002.15,0972.2,030,+069.6,+036.8,+40.437212:-079.922848:+0365.10,2025-02-15T20:58:09.5,+05.0,0004,\x031E'
b'Q,257,002.28,258,002.19,0972.2,030,+069.6,+036.8,+40.437212:-079.922848:+0365.20,2025-02-15T20:58:10.5,+05.0,0004,\x0316'
b'Q,303,001.14,327,000.76,0972.2,030,+069.6,+036.8,+40.437208:-079.922848:+0365.20,2025-02-15T20:58:11.5,+05.0,0004,\x0312'
b'\x00'
b'Q,174,000.02,331,000.17,0972.2,029,+069.8,+036.6,+40.437280:-079.922848:+0365.30,2025-02-15T21:01:27.5,+05.0,0004,\x0317'
b'Q,177,000.01,329,000.25,0972.2,029,+069.8,+036.6,+40.437280:-079.922848:+0365.30,2025-02-15T21:01:28.5,+05.0,0004,\x0310'
b'Q,178,000.01,331,000.14,0972.2,029,+069.8,+036.6,+40.437280:-079.922848:+0365.30,2025-02-15T21:01:29.5,+05.0,0004,\x0315'
b'Q,167,000.02,341,000.03,0972.2,029,+069.8,+036.6,+40.437264:-079.922848:+0365.30,2025-02-15T21:01:30.5,+05.0,0004,\x031B'
b'Q,156,000.02,339,000.08,0972.2,029,+069.8,+036.6,+40.437264:-079.922848:+0365.30,2025-02-15T21:01:31.5,+05.0,0004,\x031C'
b'Q,169,000.02,338,000.05,0972.2,029,+069.8,+036.6,,2025-02-15T21:01:32.5,+05.0,0004,\x0328'
b'Q,180,000.01,329,000.17,0972.2,029,+069.8,+036.6,,2025-02-15T21:01:33.5,+05.0,0004,\x032E'
b'Q,162,000.00,328,000.34,0972.2,029,+069.8,+036.6,+40.437260:-079.922864:+0365.30,2025-02-15T21:01:34.5,+05.0,0004,\x0319'
b'Q,176,000.01,329,000.35,0972.2,029,+069.8,+036.6,+40.437264:-079.922864:+0365.20,2025-02-15T21:01:35.5,+05.0,0004,\x0319'
b'Q,168,000.02,330,000.24,0972.2,029,+069.8,+036.6,+40.437264:-079.922848:+0365.20,2025-02-15T21:01:36.5,+05.0,0004,\x0310'
b'Q,180,000.02,333,000.17,0972.2,029,+069.8,+036.6,+40.437264:-079.922848:+0365.20,2025-02-15T21:01:37.5,+05.0,0004,\x0314'
b'Q,166,000.03,340,000.11,0972.2,029,+069.8,+036.6,+40.437264:-079.922848:+0365.20,2025-02-15T21:01:38.5,+05.0,0004,\x0310'
b'Q,173,000.04,335,000.26,0972.2,029,+069.8,+036.6,+40.437264:-079.922848:+0365.20,2025-02-15T21:01:39.5,+05.0,0004,\x0314'
b'Q,181,000.04,336,000.19,0972.2,029,+069.8,+036.6,+40.437264:-079.922848:+0365.20,2025-02-15T21:01:40.5,+05.0,0004,\x0318'
b'Q,188,000.03,334,000.27,0972.2,029,+069.8,+036.6,+40.437260:-079.922840:+0365.20,2025-02-15T21:01:41.5,+05.0,0004,\x0314'
b'Q,182,000.03,330,000.55,0972.2,029,+069.8,+036.6,+40.437260:-079.922816:+0365.20,2025-02-15T21:01:42.5,+05.0,0004,\x031F'
b'Q,179,000.03,317,000.82,0972.2,029,+069.8,+036.6,+40.437252:-079.922808:+0365.20,2025-02-15T21:01:43.5,+05.0,0004,\x031B'
b'Q,184,000.02,317,000.76,0972.2,029,+069.8,+036.6,+40.437252:-079.922784:+0365.20,2025-02-15T21:01:44.5,+05.0,0004,\x031F'
b'Q,168,000.01,317,000.71,0972.2,029,+069.8,+036.6,+40.437252:-079.922784:+0365.20,2025-02-15T21:01:45.5,+05.0,0004,\x0318'
b'Q,119,000.01,318,000.64,0972.2,029,+069.8,+036.6,+40.437252:-079.922768:+0365.30,2025-02-15T21:01:46.5,+05.0,0004,\x0315'
b'Q,070,000.01,318,000.40,0972.2,029,+069.8,+036.6,+40.437252:-079.922784:+0365.30,2025-02-15T21:01:47.5,+05.0,0004,\x031E'
b'Q,082,000.01,318,000.40,0972.2,029,+069.8,+036.6,+40.437252:-079.922768:+0365.30,2025-02-15T21:01:48.5,+05.0,0004,\x031E'
b'Q,076,000.01,319,000.19,0972.2,029,+069.8,+036.6,+40.437252:-079.922768:+0365.30,2025-02-15T21:01:49.5,+05.0,0004,\x0319'
b'Q,072,000.01,323,000.05,0972.2,029,+069.8,+036.6,+40.437260:-079.922784:+0365.30,2025-02-15T21:01:50.5,+05.0,0004,\x0312'
b'Q,064,000.02,308,000.06,0972.2,029,+069.8,+036.6,+40.437260:-079.922784:+0365.40,2025-02-15T21:01:51.5,+05.0,0004,\x031A'
b'Q,040,000.02,316,000.20,0972.2,029,+069.8,+036.6,+40.437264:-079.922784:+0365.40,2025-02-15T21:01:52.5,+05.0,0004,\x0310'
b'Q,023,000.03,315,000.48,0972.2,029,+069.8,+036.6,+40.437280:-079.922816:+0365.40,2025-02-15T21:01:53.5,+05.0,0004,\x0316'
b'Q,031,000.02,316,000.27,0972.2,029,+069.8,+036.6,+40.437280:-079.922808:+0365.50,2025-02-15T21:01:54.5,+05.0,0004,\x0317'
b'Q,055,000.01,318,000.12,0972.2,029,+069.8,+036.6,+40.437280:-079.922784:+0365.50,2025-02-15T21:01:55.5,+05.0,0004,\x0314'
b'Q,059,000.02,315,000.15,0972.2,029,+069.8,+036.6,+40.437280:-079.922768:+0365.50,2025-02-15T21:01:56.5,+05.0,0004,\x0310'
b'Q,076,000.01,319,000.09,0972.2,029,+069.8,+036.6,+40.437280:-079.922760:+0365.40,2025-02-15T21:01:57.5,+05.0,0004,\x0317'
b'Q,081,000.01,316,000.21,0972.2,029,+069.8,+036.6,+40.437280:-079.922760:+0365.40,2025-02-15T21:01:58.5,+05.0,0004,\x0315'
b'Q,121,000.01,317,000.19,0972.2,029,+069.8,+036.6,+40.437280:-079.922760:+0365.40,2025-02-15T21:01:59.5,+05.0,0004,\x0315'
b'Q,120,000.01,317,000.19,0972.2,029,+069.8,+036.6,+40.437280:-079.922744:+0365.40,2025-02-15T21:02:00.5,+05.0,0004,\x031D'
b'Q,114,000.02,320,000.22,0972.2,029,+069.8,+036.6,+40.437280:-079.922744:+0365.40,2025-02-15T21:02:01.5,+05.0,0004,\x0314'
b'Q,103,000.02,319,000.18,0972.2,029,+069.9,+036.7,+40.437280:-079.922736:+0365.40,2025-02-15T21:02:02.5,+05.0,0004,\x0317'
b'Q,098,000.02,319,000.27,0972.2,029,+069.8,+036.6,+40.437280:-079.922720:+0365.40,2025-02-15T21:02:03.5,+05.0,0004,\x031E'
b'Q,100,000.02,320,000.23,0972.2,029,+069.9,+036.7,+40.437280:-079.922720:+0365.40,2025-02-15T21:02:04.5,+05.0,0004,\x0317'
b'Q,100,000.02,318,000.34,0972.2,029,+069.8,+036.6,+40.437280:-079.922720:+0365.40,2025-02-15T21:02:05.5,+05.0,0004,\x031B'
b'Q,103,000.02,319,000.29,0972.2,029,+069.8,+036.6,+40.437280:-079.922680:+0365.40,2025-02-15T21:02:06.5,+05.0,0004,\x031D'
b'Q,118,000.02,321,000.12,0972.2,029,+069.8,+036.6,+40.437280:-079.922680:+0365.40,2025-02-15T21:02:07.5,+05.0,0004,\x0315'
b'Q,135,000.03,323,000.25,0972.2,029,+069.9,+036.7,+40.437280:-079.922680:+0365.40,2025-02-15T21:02:08.5,+05.0,0004,\x0312'
b'Q,148,000.03,323,000.23,0972.2,029,+069.9,+036.7,+40.437280:-079.922680:+0365.40,2025-02-15T21:02:09.5,+05.0,0004,\x031F'
