b'\x00'
b'Q,136,000.07,358,000.53,0981.4,021,+071.4,+030.4,+40.436968:-079.922768:+0327.00,2025-02-11T22:34:41.7,+05.0,0004,\x031F'
b'Q,135,000.08,001,000.35,0981.4,021,+071.4,+030.4,+40.436968:-079.922768:+0327.20,2025-02-11T22:34:42.7,+05.0,0004,\x031D'
b'Q,134,000.08,002,000.24,0981.4,021,+071.4,+030.4,+40.436992:-079.922768:+0327.29,2025-02-11T22:34:43.7,+05.0,0004,\x0312'
b'Q,143,000.08,011,000.15,0981.4,021,+071.4,+030.4,+40.437012:-079.922768:+0327.20,2025-02-11T22:34:44.7,+05.0,0004,\x031C'
b'Q,141,000.09,006,000.26,0981.4,021,+071.4,+030.4,+40.437024:-079.922784:+0327.10,2025-02-11T22:34:45.7,+05.0,0004,\x031C'
b'Q,136,000.13,000,000.64,0981.4,021,+071.4,+030.4,+40.437056:-079.922784:+0326.90,2025-02-11T22:34:46.7,+05.0,0004,\x0318'
b'Q,136,000.10,001,000.36,0981.4,021,+071.4,+030.4,+40.437068:-079.922784:+0326.70,2025-02-11T22:34:47.7,+05.0,0004,\x031F'
b'\x00'
b'Q,167,000.09,160,000.63,0981.4,021,+071.3,+030.2,+40.437488:-079.922896:+0321.10,2025-02-11T22:36:22.7,+05.0,0004,\x0312'
b'Q,154,000.11,156,000.39,0981.4,021,+071.3,+030.2,+40.437480:-079.922896:+0321.20,2025-02-11T22:36:23.7,+05.0,0004,\x031B'
b'Q,130,000.14,147,000.16,0981.4,021,+071.3,+030.2,+40.437476:-079.922888:+0321.29,2025-02-11T22:36:24.7,+05.0,0004,\x0319'
b'Q,119,000.15,146,000.10,0981.4,021,+071.3,+030.2,+40.437460:-079.922888:+0321.20,2025-02-11T22:36:25.7,+05.0,0004,\x031B'
b'\x00'
b'Q,155,000.06,168,000.54,0981.4,021,+071.3,+030.0,+40.437500:-079.922848:+0322.40,2025-02-11T22:36:36.7,+05.0,0004,\x0313'
b'Q,178,000.05,167,000.46,0981.4,021,+071.3,+030.0,+40.437512:-079.922848:+0322.50,2025-02-11T22:36:37.7,+05.0,0004,\x0310'
b'Q,187,000.05,164,000.30,0981.4,021,+071.3,+030.0,+40.437512:-079.922848:+0322.60,2025-02-11T22:36:38.7,+05.0,0004,\x031E'
b'Q,194,000.08,157,000.29,0981.4,021,+071.3,+030.0,+40.437500:-079.922848:+0322.70,2025-02-11T22:36:39.7,+05.0,0004,\x031A'
b'Q,181,000.15,155,000.42,0981.3,021,+071.3,+030.1,+40.437512:-079.922848:+0322.79,2025-02-11T22:36:40.7,+05.0,0004,\x031F'
b'Q,180,000.09,165,000.54,0981.3,021,+071.3,+030.3,+40.437520:-079.922848:+0322.79,2025-02-11T22:36:41.7,+05.0,0004,\x0315'
b'Q,193,000.16,155,000.53,0981.3,022,+071.3,+030.6,+40.437512:-079.922840:+0322.60,2025-02-11T22:36:42.7,+04.8,0004,\x0310'
b'Q,202,000.13,160,000.59,0981.3,022,+071.3,+030.9,+40.437512:-079.922840:+0322.40,2025-02-11T22:36:43.7,+04.9,0004,\x031F'
b'Q,188,000.17,150,000.41,0981.3,022,+071.3,+031.3,+40.437488:-079.922840:+0322.20,2025-02-11T22:36:44.7,+05.0,0004,\x0310'
b'Q,192,000.15,151,000.39,0981.3,023,+071.3,+031.7,+40.437488:-079.922840:+0322.29,2025-02-11T22:36:45.7,+05.0,0004,\x031A'
b'Q,198,000.13,102,000.13,0981.3,023,+071.3,+031.9,+40.437460:-079.922832:+0322.29,2025-02-11T22:36:46.7,+05.0,0004,\x0316'
b'Q,188,000.07,164,000.44,0981.3,023,+071.3,+032.1,+40.437448:-079.922840:+0322.29,2025-02-11T22:36:47.7,+05.0,0004,\x0315'
b'Q,237,000.20,156,000.57,0981.3,023,+071.3,+032.5,+40.437424:-079.922832:+0322.20,2025-02-11T22:36:48.7,+05.0,0004,\x0319'
b'Q,196,000.30,137,000.50,0981.3,024,+071.3,+033.2,+40.437424:-079.922840:+0322.20,2025-02-11T22:36:49.7,+05.0,0004,\x0315'
b'Q,139,000.16,164,000.33,0981.3,025,+071.3,+033.9,+40.437412:-079.922840:+0322.40,2025-02-11T22:36:50.7,+05.0,0004,\x0316'
b'Q,270,000.11,171,000.65,0981.3,025,+071.3,+034.4,+40.437388:-079.922840:+0322.40,2025-02-11T22:36:51.7,+05.0,0004,\x0317'
b'Q,083,000.19,191,000.33,0981.3,026,+071.3,+034.9,+40.437380:-079.922848:+0322.40,2025-02-11T22:36:52.7,+05.0,0004,\x0311'
b'Q,053,000.78,319,000.58,0981.3,026,+071.3,+035.3,+40.437388:-079.922848:+0322.40,2025-02-11T22:36:53.7,+05.0,0004,\x0316'
b'Q,350,000.73,295,000.48,0981.3,026,+071.3,+035.3,+40.437380:-079.922848:+0322.29,2025-02-11T22:36:54.7,+05.0,0004,\x0319'
b'Q,008,000.54,244,000.41,0981.3,026,+071.3,+035.0,+40.437388:-079.922864:+0322.20,2025-02-11T22:36:55.7,+05.0,0004,\x031A'
b'Q,319,000.86,211,000.93,0981.3,026,+071.3,+034.6,+40.437400:-079.922864:+0322.40,2025-02-11T22:36:56.7,+05.0,0004,\x031C'
b'Q,316,000.92,200,001.17,0981.3,025,+071.3,+034.1,+40.437380:-079.922864:+0322.40,2025-02-11T22:36:57.7,+05.0,0004,\x0311'
b'Q,319,000.98,174,001.14,0981.3,025,+071.3,+033.7,+40.437380:-079.922864:+0322.40,2025-02-11T22:36:58.7,+05.0,0004,\x0319'
b'Q,328,001.21,147,001.36,0981.3,024,+071.3,+033.4,+40.437364:-079.922864:+0322.40,2025-02-11T22:36:59.7,+05.0,0004,\x0311'
b'Q,001,001.34,220,001.48,0981.3,024,+071.2,+033.1,+40.437364:-079.922864:+0322.50,2025-02-11T22:37:00.7,+05.0,0004,\x031E'
b'Q,337,001.15,184,001.65,0981.3,024,+071.2,+032.8,+40.437380:-079.922864:+0322.60,2025-02-11T22:37:01.7,+05.0,0004,\x0319'
b'Q,309,000.96,195,001.29,0981.3,023,+071.2,+032.5,+40.437380:-079.922848:+0322.79,2025-02-11T22:37:02.7,+05.0,0004,\x0319'
b'Q,312,000.66,243,000.68,0981.3,023,+071.2,+032.3,+40.437400:-079.922848:+0323.10,2025-02-11T22:37:03.7,+05.0,0004,\x0316'
b'Q,336,000.37,243,000.26,0981.3,023,+071.2,+032.1,+40.437412:-079.922848:+0323.40,2025-02-11T22:37:04.7,+05.0,0004,\x031D'
b'Q,335,000.11,195,000.22,0981.3,023,+071.2,+032.0,+40.437424:-079.922848:+0323.60,2025-02-11T22:37:05.7,+05.0,0004,\x0311'
b'Q,301,000.18,190,000.56,0981.3,023,+071.2,+031.8,+40.437400:-079.922848:+0323.79,2025-02-11T22:37:06.7,+05.0,0004,\x031F'
b'Q,297,000.10,180,000.61,0981.3,023,+071.2,+031.6,+40.437380:-079.922840:+0323.90,2025-02-11T22:37:07.7,+05.0,0004,\x0313'
b'Q,316,000.59,222,000.76,0981.3,022,+071.2,+031.5,+40.437380:-079.922840:+0324.00,2025-02-11T22:37:08.7,+05.0,0004,\x0318'
b'Q,319,001.99,256,002.73,0981.3,022,+071.2,+031.4,+40.437344:-079.922832:+0324.00,2025-02-11T22:37:09.7,+05.0,0004,\x0313'
b'Q,315,003.89,262,004.67,0981.3,022,+071.2,+031.3,+40.437328:-079.922832:+0324.10,2025-02-11T22:37:10.7,+05.0,0004,\x031C'
b'Q,305,003.16,253,004.01,0981.3,022,+071.2,+031.2,+40.437312:-079.922816:+0324.10,2025-02-11T22:37:11.7,+05.0,0004,\x0316'
b'Q,303,002.70,262,003.33,0981.3,022,+071.1,+031.1,+40.437304:-079.922816:+0324.20,2025-02-11T22:37:12.7,+05.0,0004,\x0312'
b'Q,313,002.46,263,003.00,0981.3,022,+071.1,+031.0,+40.437296:-079.922816:+0324.20,2025-02-11T22:37:13.7,+05.0,0004,\x031D'
b'Q,300,003.66,249,003.99,0981.3,022,+071.1,+030.9,+40.437280:-079.922808:+0324.29,2025-02-11T22:37:14.7,+05.0,0004,\x031A'
b'Q,294,003.33,258,003.73,0981.3,022,+071.1,+030.8,+40.437264:-079.922808:+0324.40,2025-02-11T22:37:15.7,+05.0,0004,\x0317'
b'Q,289,003.45,253,003.76,0981.3,022,+071.1,+030.8,+40.437252:-079.922784:+0324.50,2025-02-11T22:37:16.7,+05.0,0004,\x0318'
b'Q,289,003.68,265,004.16,0981.3,022,+071.1,+030.7,+40.437248:-079.922784:+0324.70,2025-02-11T22:37:17.7,+05.0,0004,\x0314'
b'Q,295,003.28,277,003.80,0981.3,022,+071.0,+030.6,+40.437228:-079.922768:+0324.79,2025-02-11T22:37:18.7,+05.0,0004,\x0314'
b'Q,294,003.68,277,004.26,0981.3,022,+071.0,+030.6,+40.437212:-079.922768:+0324.90,2025-02-11T22:37:19.7,+05.0,0004,\x0315'
b'Q,297,003.35,282,003.85,0981.3,022,+071.0,+030.6,+40.437200:-079.922768:+0325.10,2025-02-11T22:37:20.7,+05.0,0004,\x031A'
b'Q,298,003.82,276,004.11,0981.3,022,+071.0,+030.6,,2025-02-11T22:37:21.7,+05.0,0004,\x0327'
b'Q,296,004.10,276,004.34,0981.3,022,+071.0,+030.5,+40.437196:-079.922784:+0325.20,2025-02-11T22:37:22.7,+05.0,0004,\x0311'
b'Q,305,003.95,287,004.25,0981.3,022,+070.9,+030.5,+40.437200:-079.922808:+0325.40,2025-02-11T22:37:23.7,+05.0,0004,\x0316'
b'Q,313,002.48,296,002.81,0981.3,022,+070.9,+030.5,+40.437200:-079.922816:+0325.70,2025-02-11T22:37:24.7,+05.0,0004,\x0313'
b'Q,302,004.35,274,004.42,0981.3,022,+070.9,+030.5,+40.437200:-079.922832:+0326.10,2025-02-11T22:37:25.7,+05.0,0004,\x0318'
b'Q,283,002.29,254,002.22,0981.3,022,+070.8,+030.4,+40.437200:-079.922832:+0326.50,2025-02-11T22:37:26.7,+05.0,0004,\x031E'
b'Q,283,000.39,285,000.40,0981.3,022,+070.8,+030.4,,2025-02-11T22:37:27.7,+05.0,0004,\x032F'
b'Q,347,000.06,344,000.34,0981.3,022,+070.8,+030.4,+40.437212:-079.922840:+0326.70,2025-02-11T22:37:28.7,+05.0,0004,\x0317'
b'Q,288,000.15,326,000.34,0981.3,022,+070.8,+030.4,+40.437228:-079.922840:+0326.79,2025-02-11T22:37:29.7,+05.0,0004,\x0312'
b'Q,291,001.39,276,001.43,0981.3,022,+070.8,+030.4,+40.437232:-079.922848:+0326.90,2025-02-11T22:37:30.7,+05.0,0004,\x031C'
b'Q,285,002.79,261,002.77,0981.3,022,+070.8,+030.4,+40.437228:-079.922848:+0327.00,2025-02-11T22:37:31.7,+05.0,0004,\x031E'
b'Q,284,003.01,264,003.00,0981.3,022,+070.7,+030.4,+40.437212:-079.922840:+0327.00,2025-02-11T22:37:32.7,+05.0,0004,\x0318'
b'Q,274,003.46,259,003.44,0981.3,022,+070.7,+030.3,+40.437212:-079.922840:+0327.29,2025-02-11T22:37:33.7,+05.0,0004,\x0317'
b'Q,272,003.38,262,003.37,0981.3,022,+070.7,+030.3,+40.437232:-079.922848:+0327.50,2025-02-11T22:37:34.7,+05.0,0004,\x0317'
b'Q,271,001.86,259,001.83,0981.3,022,+070.7,+030.3,+40.437240:-079.922848:+0327.70,2025-02-11T22:37:35.7,+05.0,0004,\x0310'
b'Q,289,000.77,298,000.94,0981.3,022,+070.7,+030.3,+40.437252:-079.922848:+0327.80,2025-02-11T22:37:36.7,+05.0,0004,\x031D'
b'Q,275,000.64,286,000.69,0981.3,022,+070.6,+030.3,+40.437248:-079.922848:+0328.00,2025-02-11T22:37:37.7,+05.0,0004,\x031D'
b'Q,283,001.74,270,001.74,0981.3,022,+070.6,+030.3,+40.437252:-079.922848:+0328.10,2025-02-11T22:37:38.7,+05.0,0004,\x0315'
b'Q,275,003.74,261,003.72,0981.3,022,+070.6,+030.2,+40.437264:-079.922848:+0328.00,2025-02-11T22:37:39.7,+05.0,0004,\x031E'
b'Q,280,002.40,261,002.38,0981.3,022,+070.6,+030.2,+40.437264:-079.922848:+0328.10,2025-02-11T22:37:40.7,+05.0,0004,\x0312'
b'Q,280,002.11,261,002.08,0981.3,022,+070.5,+030.2,+40.437264:-079.922864:+0328.20,2025-02-11T22:37:41.7,+05.0,0004,\x031A'
b'Q,284,003.73,265,003.73,0981.3,022,+070.5,+030.2,+40.437280:-079.922864:+0328.20,2025-02-11T22:37:42.7,+05.0,0004,\x031B'
b'Q,281,000.94,280,000.99,0981.3,022,+070.5,+030.2,+40.437280:-079.922848:+0328.30,2025-02-11T22:37:43.7,+05.0,0004,\x0316'
b'Q,245,000.22,041,000.48,0981.3,022,+070.5,+030.2,+40.437296:-079.922864:+0328.40,2025-02-11T22:37:44.7,+05.0,0004,\x0319'
b'Q,050,000.14,057,000.92,0981.3,022,+070.5,+030.1,+40.437296:-079.922888:+0328.40,2025-02-11T22:37:45.7,+05.0,0004,\x031A'
b'Q,030,000.05,086,001.08,0981.3,022,+070.5,+030.1,+40.437304:-079.922888:+0328.60,2025-02-11T22:37:46.7,+05.0,0004,\x0319'
b'Q,285,001.84,227,001.29,0981.3,022,+070.5,+030.1,+40.437296:-079.922888:+0328.60,2025-02-11T22:37:47.7,+05.0,0004,\x031C'
b'Q,291,003.60,238,003.12,0981.3,022,+070.5,+030.2,+40.437304:-079.922888:+0328.70,2025-02-11T22:37:48.7,+05.0,0004,\x0312'
b'Q,292,003.71,251,003.26,0981.3,022,+070.5,+030.2,+40.437304:-079.922864:+0328.70,2025-02-11T22:37:49.7,+05.0,0004,\x031A'
b'Q,276,003.92,244,003.84,0981.3,022,+070.4,+030.2,+40.437304:-079.922864:+0328.70,2025-02-11T22:37:50.7,+05.0,0004,\x0318'
b'Q,256,002.73,236,002.95,0981.3,022,+070.4,+030.2,+40.437304:-079.922848:+0328.80,2025-02-11T22:37:51.7,+05.0,0004,\x0310'
b'Q,245,002.08,238,002.33,0981.4,022,+070.4,+030.2,+40.437304:-079.922840:+0328.90,2025-02-11T22:37:52.7,+05.0,0004,\x0311'
b'Q,233,000.72,213,001.25,0981.4,022,+070.4,+030.2,+40.437264:-079.922832:+0329.00,2025-02-11T22:37:53.7,+05.0,0004,\x0319'
b'Q,254,000.18,196,000.63,0981.4,022,+070.4,+030.2,+40.437248:-079.922832:+0329.30,2025-02-11T22:37:54.7,+05.0,0004,\x0313'
b'Q,242,000.18,205,000.41,0981.4,022,+070.4,+030.2,+40.437212:-079.922832:+0329.40,2025-02-11T22:37:55.7,+05.0,0004,\x0314'
b'Q,253,000.83,244,000.91,0981.4,022,+070.4,+030.2,+40.437216:-079.922832:+0329.70,2025-02-11T22:37:56.7,+05.0,0004,\x031A'
b'Q,259,001.55,247,001.67,0981.4,022,+070.3,+030.2,+40.437228:-079.922832:+0329.90,2025-02-11T22:37:57.7,+05.0,0004,\x0314'
b'Q,229,000.47,204,000.80,0981.4,022,+070.3,+030.2,+40.437208:-079.922816:+0330.20,2025-02-11T22:37:58.7,+05.0,0004,\x0316'
b'Q,259,000.19,207,000.32,0981.4,022,+070.3,+030.2,+40.437208:-079.922832:+0330.50,2025-02-11T22:37:59.7,+05.0,0004,\x0310'
b'Q,294,001.40,252,001.46,0981.4,022,+070.3,+030.2,+40.437216:-079.922832:+0330.70,2025-02-11T22:38:00.7,+05.0,0004,\x0310'
b'Q,280,003.67,250,003.81,0981.4,022,+070.3,+030.2,,2025-02-11T22:38:01.7,+05.0,0004,\x0323'
b'Q,275,003.82,251,003.93,0981.4,022,+070.3,+030.2,+40.437228:-079.922840:+0330.70,2025-02-11T22:38:02.7,+05.0,0004,\x0310'
b'Q,266,001.21,237,001.32,0981.4,022,+070.3,+030.2,+40.437248:-079.922848:+0331.00,2025-02-11T22:38:03.7,+05.0,0004,\x0319'
b'Q,224,000.37,195,000.82,0981.4,022,+070.3,+030.2,+40.437280:-079.922848:+0331.20,2025-02-11T22:38:04.7,+05.0,0004,\x0319'
b'Q,264,000.78,252,000.76,0981.4,022,+070.2,+030.2,+40.437248:-079.922848:+0331.20,2025-02-11T22:38:05.7,+05.0,0004,\x0311'
b'Q,254,000.92,237,000.99,0981.4,022,+070.2,+030.1,+40.437248:-079.922848:+0331.20,2025-02-11T22:38:06.7,+05.0,0004,\x0314'
b'Q,258,001.75,266,001.69,0981.4,022,+070.2,+030.1,+40.437216:-079.922848:+0331.20,2025-02-11T22:38:07.7,+05.0,0004,\x0310'
b'Q,255,002.29,257,002.26,0981.4,022,+070.2,+030.1,+40.437188:-079.922848:+0331.20,2025-02-11T22:38:08.7,+05.0,0004,\x0316'
b'Q,265,000.93,242,000.97,0981.4,022,+070.2,+030.1,+40.437168:-079.922848:+0331.30,2025-02-11T22:38:09.7,+05.0,0004,\x0314'
b'Q,226,000.17,182,000.54,0981.4,022,+070.2,+030.2,+40.437152:-079.922848:+0331.40,2025-02-11T22:38:10.7,+05.0,0004,\x031A'
b'Q,286,000.22,256,000.21,0981.4,022,+070.1,+030.2,+40.437176:-079.922848:+0331.60,2025-02-11T22:38:11.7,+05.0,0004,\x0318'
b'Q,274,001.99,258,001.99,0981.4,022,+070.1,+030.3,,2025-02-11T22:38:12.7,+05.0,0004,\x0329'
b'Q,266,003.82,249,003.85,0981.4,022,+070.1,+030.4,+40.437208:-079.922848:+0331.50,2025-02-11T22:38:13.7,+05.0,0004,\x0311'
b'Q,283,003.77,269,003.74,0981.4,022,+070.1,+030.4,+40.437212:-079.922848:+0331.70,2025-02-11T22:38:14.7,+05.0,0004,\x0312'
b'Q,279,002.87,264,002.81,0981.4,022,+070.1,+030.4,+40.437228:-079.922848:+0331.70,2025-02-11T22:38:15.7,+05.0,0004,\x0317'
b'Q,281,001.73,271,001.65,0981.4,022,+070.1,+030.4,+40.437216:-079.922848:+0331.80,2025-02-11T22:38:16.7,+05.0,0004,\x0314'
b'Q,272,003.78,274,003.72,0981.4,022,+070.1,+030.4,+40.437212:-079.922840:+0331.80,2025-02-11T22:38:17.7,+05.0,0004,\x031D'
b'Q,282,001.40,270,001.32,0981.4,022,+070.1,+030.4,,2025-02-11T22:38:18.7,+05.0,0004,\x0322'
b'Q,249,000.35,211,000.49,0981.4,022,+070.1,+030.3,+40.437232:-079.922840:+0331.80,2025-02-11T22:38:19.7,+05.0,0004,\x031C'
b'Q,032,000.08,158,000.21,0981.3,022,+070.0,+030.3,+40.437240:-079.922840:+0331.90,2025-02-11T22:38:20.7,+05.0,0004,\x0314'
b'Q,271,003.60,275,003.56,0981.3,022,+070.0,+030.3,+40.437240:-079.922840:+0332.00,2025-02-11T22:38:21.7,+05.0,0004,\x0318'
b'Q,250,002.72,250,002.74,0981.3,022,+070.0,+030.3,+40.437232:-079.922840:+0332.10,2025-02-11T22:38:22.7,+05.0,0004,\x0318'
b'Q,266,004.05,250,004.06,0981.3,022,+070.0,+030.3,+40.437228:-079.922840:+0332.20,2025-02-11T22:38:23.7,+05.0,0004,\x0311'
b'Q,257,003.33,240,003.34,0981.3,022,+070.0,+030.2,+40.437228:-079.922848:+0332.60,2025-02-11T22:38:24.7,+05.0,0004,\x031C'
b'Q,264,003.99,251,004.01,0981.3,022,+070.0,+030.2,+40.437228:-079.922848:+0332.70,2025-02-11T22:38:25.7,+05.0,0004,\x031D'
b'Q,265,001.38,253,001.38,0981.3,022,+070.0,+030.2,+40.437228:-079.922848:+0332.90,2025-02-11T22:38:26.7,+05.0,0004,\x0315'
b'Q,269,001.81,262,001.73,0981.3,022,+070.0,+030.2,+40.437248:-079.922848:+0333.10,2025-02-11T22:38:27.7,+05.0,0004,\x0318'
b'Q,272,002.93,265,002.89,0981.3,022,+070.0,+030.2,+40.437252:-079.922848:+0333.30,2025-02-11T22:38:28.7,+05.0,0004,\x0315'
b'Q,266,001.93,247,002.10,0981.3,022,+070.0,+030.2,+40.437264:-079.922848:+0333.30,2025-02-11T22:38:29.7,+05.0,0004,\x0317'
b'Q,205,000.39,192,001.10,0981.3,022,+070.0,+030.2,+40.437280:-079.922848:+0333.40,2025-02-11T22:38:30.7,+05.0,0004,\x031E'
b'Q,190,000.07,192,000.71,0981.3,022,+070.0,+030.2,+40.437284:-079.922848:+0333.30,2025-02-11T22:38:31.7,+05.0,0004,\x0318'
b'Q,286,000.62,234,000.94,0981.3,022,+070.0,+030.2,+40.437304:-079.922848:+0333.40,2025-02-11T22:38:32.7,+05.0,0004,\x0316'
b'Q,271,003.29,262,003.47,0981.3,022,+070.0,+030.3,+40.437304:-079.922848:+0333.60,2025-02-11T22:38:33.7,+05.0,0004,\x031E'
b'Q,260,003.17,260,003.39,0981.3,022,+070.0,+030.3,+40.437304:-079.922848:+0333.60,2025-02-11T22:38:34.7,+05.0,0004,\x031F'
b'Q,242,002.61,249,003.06,0981.3,022,+070.0,+030.3,+40.437324:-079.922848:+0333.50,2025-02-11T22:38:35.7,+05.0,0004,\x0318'
b'Q,235,002.31,254,002.63,0981.3,022,+070.0,+030.2,+40.437324:-079.922848:+0333.40,2025-02-11T22:38:36.7,+05.0,0004,\x0310'
b'Q,238,002.44,262,002.68,0981.3,022,+070.0,+030.2,+40.437328:-079.922848:+0333.40,2025-02-11T22:38:37.7,+05.0,0004,\x031C'
b'Q,243,001.48,258,001.68,0981.3,022,+070.0,+030.2,+40.437324:-079.922848:+0333.40,2025-02-11T22:38:38.7,+05.0,0004,\x0316'
b'Q,242,000.71,230,001.23,0981.3,022,+069.9,+030.2,+40.437328:-079.922848:+0333.50,2025-02-11T22:38:39.7,+05.0,0004,\x0310'
b'Q,306,000.80,252,000.87,0981.3,022,+069.9,+030.2,+40.437344:-079.922848:+0333.70,2025-02-11T22:38:40.7,+05.0,0004,\x0312'
b'Q,320,003.78,279,003.82,0981.3,022,+069.9,+030.1,+40.437312:-079.922840:+0333.70,2025-02-11T22:38:41.7,+05.0,0004,\x0314'
b'Q,324,003.30,260,003.58,0981.3,022,+069.9,+030.1,+40.437304:-079.922840:+0333.90,2025-02-11T22:38:42.7,+05.0,0004,\x0319'
b'Q,347,003.06,245,003.51,0981.3,022,+069.9,+030.1,+40.437312:-079.922840:+0334.10,2025-02-11T22:38:43.7,+05.0,0004,\x031E'
b'Q,032,003.69,252,004.02,0981.3,022,+069.9,+030.1,+40.437324:-079.922848:+0334.40,2025-02-11T22:38:44.7,+05.0,0004,\x031E'
b'Q,068,004.04,214,004.57,0981.3,022,+069.9,+030.2,+40.437324:-079.922864:+0334.80,2025-02-11T22:38:45.7,+05.0,0004,\x031F'
b'Q,068,003.19,219,003.80,0981.3,022,+069.9,+030.2,+40.437324:-079.922888:+0335.00,2025-02-11T22:38:46.7,+05.0,0004,\x031C'
b'Q,047,003.00,215,003.51,0981.3,022,+069.9,+030.2,,2025-02-11T22:38:47.7,+05.0,0004,\x0320'
b'Q,043,001.93,214,002.46,0981.3,022,+069.9,+030.2,+40.437312:-079.922888:+0335.40,2025-02-11T22:38:48.7,+05.0,0004,\x031C'
b'Q,057,003.85,234,004.08,0981.3,022,+069.9,+030.2,+40.437304:-079.922888:+0335.80,2025-02-11T22:38:49.7,+05.0,0004,\x0318'
b'Q,065,003.98,242,004.18,0981.3,022,+069.9,+030.2,+40.437296:-079.922888:+0336.00,2025-02-11T22:38:50.7,+05.0,0004,\x031C'
b'Q,059,004.04,239,004.20,0981.3,022,+069.9,+030.2,+40.437284:-079.922888:+0336.00,2025-02-11T22:38:51.7,+05.0,0004,\x0314'
b'Q,057,003.09,239,003.22,0981.3,022,+069.9,+030.2,+40.437280:-079.922888:+0335.90,2025-02-11T22:38:52.7,+05.0,0004,\x0318'
b'Q,049,001.33,238,001.44,0981.3,022,+069.9,+030.2,+40.437280:-079.922888:+0335.90,2025-02-11T22:38:53.7,+05.0,0004,\x031E'
b'Q,016,004.34,225,004.43,0981.3,022,+069.9,+030.2,+40.437240:-079.922864:+0335.90,2025-02-11T22:38:54.7,+05.0,0004,\x0311'
b'Q,023,002.15,220,002.54,0981.3,022,+069.9,+030.2,+40.437212:-079.922848:+0335.90,2025-02-11T22:38:55.7,+05.0,0004,\x031F'
b'Q,032,003.43,227,003.68,0981.3,022,+069.9,+030.2,+40.437188:-079.922848:+0335.90,2025-02-11T22:38:56.7,+05.0,0004,\x0317'
b'Q,020,002.25,211,002.50,0981.3,022,+069.9,+030.2,+40.437176:-079.922848:+0335.80,2025-02-11T22:38:57.7,+05.0,0004,\x031B'
b'Q,073,003.08,251,003.15,0981.3,022,+069.9,+030.2,+40.437152:-079.922840:+0335.80,2025-02-11T22:38:58.7,+05.0,0004,\x0316'
b'Q,083,003.34,242,003.53,0981.3,022,+069.9,+030.2,+40.437140:-079.922840:+0335.80,2025-02-11T22:38:59.7,+05.0,0004,\x0314'
b'Q,069,003.78,231,004.11,0981.3,022,+069.9,+030.2,+40.437140:-079.922840:+0336.00,2025-02-11T22:39:00.7,+05.0,0004,\x031B'
b'Q,060,003.38,246,004.11,0981.3,022,+069.9,+030.2,+40.437132:-079.922840:+0336.10,2025-02-11T22:39:01.7,+05.0,0004,\x0313'
b'Q,051,003.59,248,004.31,0981.3,022,+069.9,+030.2,+40.437124:-079.922848:+0336.20,2025-02-11T22:39:02.7,+05.0,0004,\x0315'
b'Q,019,001.30,233,001.74,0981.3,022,+069.9,+030.2,+40.437124:-079.922840:+0336.30,2025-02-11T22:39:03.7,+05.0,0004,\x0314'
b'Q,345,001.17,233,001.48,0981.3,022,+069.9,+030.2,+40.437124:-079.922840:+0336.30,2025-02-11T22:39:04.7,+05.0,0004,\x0313'
b'Q,286,001.34,250,001.77,0981.3,022,+069.9,+030.2,+40.437124:-079.922840:+0336.40,2025-02-11T22:39:05.7,+05.0,0004,\x0313'
b'Q,258,001.76,249,001.94,0981.3,022,+069.9,+030.2,+40.437124:-079.922840:+0336.50,2025-02-11T22:39:06.7,+05.0,0004,\x0311'
b'Q,243,002.52,254,002.78,0981.3,022,+069.9,+030.2,+40.437140:-079.922840:+0336.70,2025-02-11T22:39:07.7,+05.0,0004,\x0312'
b'Q,247,000.93,268,001.55,0981.3,022,+069.9,+030.2,+40.437148:-079.922840:+0336.80,2025-02-11T22:39:08.7,+05.0,0004,\x0312'
b'Q,187,000.23,264,000.78,0981.3,022,+069.9,+030.2,+40.437168:-079.922840:+0336.90,2025-02-11T22:39:09.7,+05.0,0004,\x0316'
b'Q,272,002.08,275,002.66,0981.3,022,+069.9,+030.2,+40.437176:-079.922840:+0337.00,2025-02-11T22:39:10.7,+05.0,0004,\x0316'
b'Q,254,003.69,266,004.01,0981.3,022,+070.0,+030.2,+40.437176:-079.922840:+0336.90,2025-02-11T22:39:11.7,+05.0,0004,\x0319'
b'Q,227,000.48,251,000.62,0981.3,022,+070.0,+030.2,+40.437176:-079.922840:+0336.80,2025-02-11T22:39:12.7,+05.0,0004,\x031A'
b'Q,228,000.17,263,000.45,0981.3,022,+069.9,+030.2,+40.437196:-079.922840:+0336.80,2025-02-11T22:39:13.7,+05.0,0004,\x0315'
b'Q,202,000.30,250,000.61,0981.3,022,+070.0,+030.2,+40.437196:-079.922832:+0336.80,2025-02-11T22:39:14.7,+05.0,0004,\x031D'
b'Q,267,001.40,272,001.69,0981.3,022,+070.0,+030.2,+40.437196:-079.922832:+0336.90,2025-02-11T22:39:15.7,+05.0,0004,\x0311'
b'Q,264,003.91,268,004.23,0981.3,022,+069.9,+030.2,,2025-02-11T22:39:16.7,+05.0,0004,\x0326'
b'Q,264,003.83,270,004.33,0981.3,022,+069.9,+030.2,+40.437216:-079.922840:+0337.10,2025-02-11T22:39:17.7,+05.0,0004,\x0313'
b'Q,254,003.14,257,003.79,0981.3,022,+070.0,+030.2,+40.437248:-079.922840:+0337.10,2025-02-11T22:39:18.7,+05.0,0004,\x0317'
b'Q,254,003.30,256,003.90,0981.3,022,+069.9,+030.2,+40.437252:-079.922832:+0337.10,2025-02-11T22:39:19.7,+05.0,0004,\x0319'
b'Q,200,000.59,215,001.42,0981.3,022,+069.9,+030.2,+40.437264:-079.922832:+0337.10,2025-02-11T22:39:20.7,+05.0,0004,\x0311'
b'Q,189,000.34,207,001.52,0981.3,022,+069.9,+030.2,+40.437304:-079.922832:+0337.00,2025-02-11T22:39:21.7,+05.0,0004,\x031D'
b'Q,353,000.09,208,000.88,0981.3,022,+069.9,+030.2,,2025-02-11T22:39:22.7,+05.0,0004,\x0325'
b'Q,331,000.52,251,000.64,0981.3,022,+069.9,+030.2,+40.437304:-079.922832:+0336.80,2025-02-11T22:39:23.7,+05.0,0004,\x0310'
b'Q,009,001.01,275,001.04,0981.3,022,+069.9,+030.2,+40.437304:-079.922832:+0336.70,2025-02-11T22:39:24.7,+05.0,0004,\x0316'
b'Q,027,002.22,235,002.61,0981.3,022,+069.9,+030.2,+40.437304:-079.922840:+0336.60,2025-02-11T22:39:25.7,+05.0,0004,\x0319'
b'Q,034,003.62,194,003.87,0981.3,022,+069.9,+030.2,+40.437296:-079.922840:+0336.50,2025-02-11T22:39:26.7,+05.0,0004,\x0315'
b'Q,035,002.31,245,002.33,0981.3,022,+070.0,+030.2,+40.437304:-079.922840:+0336.30,2025-02-11T22:39:27.7,+05.0,0004,\x031E'
b'Q,040,001.96,247,002.06,0981.3,022,+070.0,+030.2,+40.437284:-079.922848:+0336.20,2025-02-11T22:39:28.7,+05.0,0004,\x0319'
b'Q,061,002.70,252,002.78,0981.3,022,+070.0,+030.2,,2025-02-11T22:39:29.7,+05.0,0004,\x0323'
b'Q,061,002.10,241,002.40,0981.3,022,+070.0,+030.2,+40.437284:-079.922848:+0336.10,2025-02-11T22:39:30.7,+05.0,0004,\x0319'
b'Q,078,002.84,254,003.03,0981.3,022,+070.0,+030.3,+40.437304:-079.922864:+0336.10,2025-02-11T22:39:31.7,+05.0,0004,\x0319'
b'Q,084,002.27,253,002.39,0981.3,022,+070.0,+030.3,+40.437296:-079.922864:+0336.10,2025-02-11T22:39:32.7,+05.0,0004,\x0315'
b'Q,082,002.80,247,003.12,0981.3,022,+070.0,+030.3,+40.437304:-079.922864:+0336.20,2025-02-11T22:39:33.7,+05.0,0004,\x031B'
b'Q,075,002.67,244,002.92,0981.3,022,+070.0,+030.3,+40.437280:-079.922864:+0336.10,2025-02-11T22:39:34.7,+05.0,0004,\x0319'
b'Q,069,002.74,242,003.15,0981.3,022,+070.0,+030.3,+40.437284:-079.922864:+0336.00,2025-02-11T22:39:35.7,+05.0,0004,\x031A'
b'Q,067,002.78,249,003.05,0981.3,022,+070.0,+030.3,+40.437280:-079.922864:+0336.00,2025-02-11T22:39:36.7,+05.0,0004,\x0315'
b'Q,051,002.24,245,002.35,0981.3,022,+070.0,+030.4,+40.437264:-079.922848:+0336.00,2025-02-11T22:39:37.7,+05.0,0004,\x0315'
b'Q,045,002.37,249,002.46,0981.3,022,+070.0,+030.4,+40.437260:-079.922848:+0336.10,2025-02-11T22:39:38.7,+05.0,0004,\x0310'
b'Q,024,003.68,241,003.88,0981.3,022,+070.1,+030.3,+40.437264:-079.922848:+0336.00,2025-02-11T22:39:39.7,+05.0,0004,\x0315'
b'Q,053,000.56,253,000.72,0981.3,022,+070.1,+030.4,+40.437264:-079.922840:+0336.10,2025-02-11T22:39:40.7,+05.0,0004,\x031E'
b'Q,063,000.21,264,000.22,0981.3,022,+070.1,+030.6,+40.437252:-079.922840:+0336.10,2025-02-11T22:39:41.7,+05.0,0004,\x031A'
b'Q,005,002.31,253,002.35,0981.3,022,+070.1,+030.6,+40.437248:-079.922840:+0336.20,2025-02-11T22:39:42.7,+05.0,0004,\x0312'
b'Q,028,002.66,252,002.89,0981.3,022,+070.1,+030.6,+40.437228:-079.922840:+0336.40,2025-02-11T22:39:43.7,+05.0,0004,\x0318'
b'Q,047,004.23,251,004.79,0981.3,022,+070.1,+030.6,+40.437200:-079.922832:+0336.50,2025-02-11T22:39:44.7,+05.0,0004,\x0315'
b'Q,063,003.10,256,003.60,0981.3,022,+070.1,+030.6,+40.437188:-079.922832:+0336.70,2025-02-11T22:39:45.7,+05.0,0004,\x031C'
b'Q,066,004.20,261,005.03,0981.3,022,+070.1,+030.6,+40.437148:-079.922832:+0336.80,2025-02-11T22:39:46.7,+05.0,0004,\x031A'
b'Q,076,003.15,268,003.73,0981.3,022,+070.1,+030.6,+40.437148:-079.922816:+0336.80,2025-02-11T22:39:47.7,+05.0,0004,\x0315'
b'Q,083,003.31,263,003.57,0981.3,022,+070.1,+030.6,+40.437152:-079.922816:+0336.80,2025-02-11T22:39:48.7,+05.0,0004,\x0310'
b'Q,088,003.08,260,003.61,0981.3,022,+070.1,+030.6,+40.437124:-079.922808:+0336.90,2025-02-11T22:39:49.7,+05.0,0004,\x0319'
b'Q,083,002.96,259,003.34,0981.3,022,+070.0,+030.5,+40.437132:-079.922808:+0337.00,2025-02-11T22:39:50.7,+05.0,0004,\x031B'
b'Q,068,002.95,254,003.23,0981.3,023,+070.1,+030.7,+40.437132:-079.922808:+0337.20,2025-02-11T22:39:51.7,+05.0,0004,\x0317'
b'Q,074,003.27,268,003.77,0981.3,023,+070.1,+030.7,+40.437096:-079.922784:+0337.30,2025-02-11T22:39:52.7,+05.0,0004,\x031A'
b'Q,248,000.66,346,001.42,0981.3,023,+070.1,+030.7,+40.437096:-079.922784:+0337.40,2025-02-11T22:39:53.7,+05.0,0004,\x031E'
b'Q,273,001.14,316,002.20,0981.3,022,+070.1,+030.6,+40.437076:-079.922768:+0337.50,2025-02-11T22:39:54.7,+05.0,0004,\x031A'
b'Q,313,001.15,333,002.16,0981.3,022,+070.1,+030.6,+40.437076:-079.922768:+0337.40,2025-02-11T22:39:55.7,+05.0,0004,\x031E'
b'Q,291,001.09,342,002.18,0981.3,022,+070.1,+030.6,+40.437068:-079.922768:+0337.50,2025-02-11T22:39:56.7,+05.0,0004,\x031D'
b'Q,277,001.12,013,001.84,0981.2,022,+070.1,+030.6,+40.437068:-079.922768:+0337.50,2025-02-11T22:39:57.7,+05.0,0004,\x031E'
b'Q,258,000.92,040,001.15,0981.2,022,+070.1,+030.5,+40.437068:-079.922768:+0337.60,2025-02-11T22:39:58.7,+05.0,0004,\x031B'
b'Q,266,000.58,066,000.49,0981.2,022,+070.1,+030.5,+40.437068:-079.922768:+0337.70,2025-02-11T22:39:59.7,+05.0,0004,\x031C'
b'Q,246,000.17,070,000.14,0981.2,022,+070.1,+030.5,+40.437096:-079.922768:+0337.80,2025-02-11T22:40:00.7,+05.0,0004,\x0316'
b'Q,299,000.05,350,000.24,0981.2,022,+070.1,+030.4,+40.437076:-079.922768:+0337.90,2025-02-11T22:40:01.7,+05.0,0004,\x031A'
b'Q,222,000.05,353,000.52,0981.2,022,+070.1,+030.4,+40.437068:-079.922760:+0337.90,2025-02-11T22:40:02.7,+05.0,0004,\x031C'
b'Q,158,000.07,352,000.60,0981.2,022,+070.1,+030.5,+40.437056:-079.922744:+0338.00,2025-02-11T22:40:03.7,+05.0,0004,\x031D'
b'Q,184,000.12,005,000.39,0981.2,022,+070.1,+030.6,+40.437056:-079.922744:+0338.10,2025-02-11T22:40:04.7,+05.0,0004,\x0310'
b'Q,255,000.05,356,000.19,0981.2,023,+070.1,+030.8,+40.437056:-079.922744:+0338.20,2025-02-11T22:40:05.7,+04.9,0004,\x031B'
b'Q,265,000.03,350,000.29,0981.2,023,+070.1,+030.9,+40.437068:-079.922744:+0338.30,2025-02-11T22:40:06.7,+04.9,0004,\x0315'
b'Q,302,000.05,345,000.36,0981.2,023,+070.1,+031.0,+40.437068:-079.922744:+0338.50,2025-02-11T22:40:07.7,+04.9,0004,\x0316'
b'Q,346,000.23,319,000.36,0981.2,023,+070.1,+031.1,+40.437052:-079.922736:+0338.70,2025-02-11T22:40:08.7,+04.9,0004,\x031B'
b'Q,343,000.06,344,000.45,0981.2,023,+070.1,+031.4,+40.437068:-079.922720:+0338.80,2025-02-11T22:40:09.7,+05.0,0004,\x0318'
b'Q,357,000.06,341,000.34,0981.2,024,+070.1,+031.8,+40.437068:-079.922720:+0338.90,2025-02-11T22:40:10.7,+04.9,0004,\x0314'
b'Q,339,000.03,347,000.41,0981.2,024,+070.1,+032.1,+40.437096:-079.922736:+0339.10,2025-02-11T22:40:11.7,+04.9,0004,\x0319'
b'Q,079,000.01,347,000.31,0981.2,025,+070.1,+032.8,+40.437096:-079.922736:+0339.20,2025-02-11T22:40:12.7,+04.9,0004,\x0313'
b'Q,049,000.02,343,000.10,0981.2,026,+070.2,+033.9,+40.437096:-079.922744:+0339.20,2025-02-11T22:40:13.7,+04.9,0004,\x0310'
b'Q,027,000.05,338,000.24,0981.2,028,+070.2,+035.6,+40.437120:-079.922744:+0339.20,2025-02-11T22:40:14.7,+04.9,0004,\x0318'
b'Q,029,000.05,342,000.47,0981.2,030,+070.2,+037.5,+40.437132:-079.922768:+0339.20,2025-02-11T22:40:15.7,+04.9,0004,\x031A'
b'Q,095,000.05,345,000.28,0981.2,032,+070.2,+038.9,+40.437132:-079.922768:+0339.10,2025-02-11T22:40:16.7,+04.9,0004,\x0312'
b'Q,056,000.05,342,000.39,0981.2,033,+070.2,+040.1,+40.437148:-079.922784:+0339.10,2025-02-11T22:40:17.7,+04.9,0004,\x0312'
b'Q,066,000.05,341,000.31,0981.2,034,+070.2,+040.8,+40.437148:-079.922808:+0339.20,2025-02-11T22:40:18.7,+04.9,0004,\x0313'
b'Q,054,000.04,339,000.20,0981.2,035,+070.2,+041.4,+40.437152:-079.922808:+0339.20,2025-02-11T22:40:19.7,+04.9,0004,\x031A'
b'Q,092,000.05,342,000.13,0981.2,035,+070.2,+041.7,+40.437152:-079.922808:+0339.10,2025-02-11T22:40:20.7,+04.9,0004,\x0317'
b'Q,076,000.06,336,000.15,0981.2,035,+070.2,+041.8,+40.437168:-079.922816:+0339.10,2025-02-11T22:40:21.7,+04.9,0004,\x0313'
b'Q,052,000.03,344,000.37,0981.2,035,+070.2,+041.7,+40.437176:-079.922832:+0339.00,2025-02-11T22:40:22.7,+04.9,0004,\x0311'
b'Q,052,000.03,344,000.42,0981.2,035,+070.2,+041.4,+40.437168:-079.922840:+0339.10,2025-02-11T22:40:23.7,+04.9,0004,\x031A'
b'Q,061,000.03,345,000.46,0981.2,034,+070.2,+040.9,+40.437188:-079.922848:+0339.10,2025-02-11T22:40:24.7,+05.0,0004,\x031B'
b'Q,048,000.05,341,000.34,0981.2,033,+070.2,+040.3,+40.437212:-079.922864:+0339.10,2025-02-11T22:40:25.7,+05.0,0004,\x0315'
b'Q,057,000.04,343,000.37,0981.2,033,+070.2,+039.8,+40.437228:-079.922888:+0339.00,2025-02-11T22:40:26.7,+05.0,0004,\x0317'
b'Q,067,000.05,338,000.24,0981.2,032,+070.2,+039.1,+40.437252:-079.922896:+0338.90,2025-02-11T22:40:27.7,+05.0,0004,\x0318'
b'Q,069,000.05,331,000.12,0981.2,031,+070.2,+038.5,+40.437280:-079.922896:+0338.80,2025-02-11T22:40:28.7,+05.0,0004,\x031D'
b'Q,068,000.03,344,000.38,0981.2,030,+070.3,+037.9,+40.437312:-079.922944:+0338.70,2025-02-11T22:40:29.7,+05.0,0004,\x0319'
b'Q,087,000.02,347,000.49,0981.2,030,+070.3,+037.4,+40.437328:-079.922944:+0338.60,2025-02-11T22:40:30.7,+05.0,0004,\x0311'
b'Q,119,000.03,347,000.42,0981.2,029,+070.3,+036.8,,2025-02-11T22:40:31.7,+05.0,0004,\x0327'
b'Q,123,000.03,005,000.70,0981.2,028,+070.3,+036.3,,2025-02-11T22:40:32.7,+05.0,0004,\x0323'
b'Q,124,000.03,005,000.43,0981.2,028,+070.3,+035.9,,2025-02-11T22:40:33.7,+05.0,0004,\x032C'
b'Q,120,000.03,005,000.48,0981.2,027,+070.3,+035.4,,2025-02-11T22:40:34.7,+05.0,0004,\x0326'
b'Q,126,000.03,005,000.42,0981.2,027,+070.3,+035.1,,2025-02-11T22:40:35.7,+05.0,0004,\x032E'
b'Q,088,000.02,003,000.34,0981.2,027,+070.3,+034.7,,2025-02-11T22:40:36.7,+05.0,0004,\x0329'
b'Q,110,000.02,000,000.07,0981.2,026,+070.3,+034.3,,2025-02-11T22:40:37.7,+05.0,0004,\x032E'
b'Q,122,000.02,005,000.32,0981.2,026,+070.3,+033.9,,2025-02-11T22:40:38.7,+05.0,0004,\x032E'
b'Q,161,000.01,006,000.47,0981.2,025,+070.3,+033.7,,2025-02-11T22:40:39.7,+05.0,0004,\x0327'
b'Q,176,000.01,060,000.90,0981.2,025,+070.3,+033.4,,2025-02-11T22:40:40.7,+05.0,0004,\x0326'
b'Q,185,000.01,075,000.69,0981.2,025,+070.3,+033.1,,2025-02-11T22:40:41.7,+05.0,0004,\x032C'
b'Q,180,000.01,081,000.63,0981.2,025,+070.3,+032.8,,2025-02-11T22:40:42.7,+04.9,0004,\x032B'
b'Q,191,000.04,083,000.74,0981.2,024,+070.3,+032.6,,2025-02-11T22:40:43.7,+05.0,0004,\x032C'
b'Q,212,000.02,090,000.99,0981.2,024,+070.3,+032.4,,2025-02-11T22:40:44.7,+05.0,0004,\x0326'
b'Q,211,000.03,091,000.96,0981.2,024,+070.3,+032.2,+40.437400:-079.923016:+0335.40,2025-02-11T22:40:45.7,+05.0,0004,\x031E'
b'Q,189,000.03,092,000.68,0981.2,024,+070.3,+032.0,+40.437400:-079.923048:+0335.40,2025-02-11T22:40:46.7,+05.0,0004,\x0314'
b'Q,184,000.07,093,000.81,0981.2,024,+070.3,+032.0,+40.437400:-079.923048:+0335.50,2025-02-11T22:40:47.7,+05.0,0004,\x031B'
b'Q,173,000.06,100,000.91,0981.2,023,+070.3,+031.8,+40.437412:-079.923048:+0335.30,2025-02-11T22:40:48.7,+05.0,0004,\x031E'
b'Q,175,000.05,111,001.03,0981.2,023,+070.3,+031.7,+40.437436:-079.923048:+0335.20,2025-02-11T22:40:49.7,+05.0,0004,\x0318'
b'Q,149,000.05,117,000.92,0981.2,023,+070.3,+031.6,+40.437444:-079.923016:+0335.20,2025-02-11T22:40:50.7,+05.0,0004,\x031F'
b'Q,155,000.05,125,000.94,0981.2,023,+070.3,+031.4,+40.437444:-079.923016:+0335.20,2025-02-11T22:40:51.7,+05.0,0004,\x0316'
b'Q,167,000.04,143,000.85,0981.2,023,+070.3,+031.3,+40.437448:-079.923016:+0335.10,2025-02-11T22:40:52.7,+05.0,0004,\x031D'
b'Q,189,000.06,152,000.96,0981.2,023,+070.3,+031.2,+40.437476:-079.923016:+0335.10,2025-02-11T22:40:53.7,+05.0,0004,\x0310'
b'Q,185,000.05,159,000.81,0981.2,023,+070.4,+031.1,+40.437480:-079.923016:+0335.10,2025-02-11T22:40:54.7,+05.0,0004,\x0318'
b'Q,165,000.06,162,000.62,0981.2,023,+070.4,+031.0,+40.437488:-079.923000:+0335.10,2025-02-11T22:40:55.7,+05.0,0004,\x031F'
b'Q,163,000.03,169,000.93,0981.2,023,+070.4,+031.0,,2025-02-11T22:40:56.7,+05.0,0004,\x032B'
b'Q,195,000.01,173,000.93,0981.1,023,+070.4,+030.9,,2025-02-11T22:40:57.7,+05.0,0004,\x0321'
b'Q,213,000.02,175,000.81,0981.1,022,+070.4,+030.8,,2025-02-11T22:40:58.7,+05.0,0004,\x0325'
b'Q,176,000.07,174,000.79,0981.1,022,+070.4,+030.8,,2025-02-11T22:40:59.7,+05.0,0004,\x0327'
b'Q,170,000.08,174,000.69,0981.1,022,+070.4,+030.8,,2025-02-11T22:41:00.7,+05.0,0004,\x0322'
b'Q,129,000.06,175,000.80,0981.1,022,+070.4,+030.8,,2025-02-11T22:41:01.7,+05.0,0004,\x0327'
b'Q,126,000.05,173,000.98,0981.1,022,+070.4,+030.7,,2025-02-11T22:41:02.7,+05.0,0004,\x0328'
b'Q,117,000.04,171,001.25,0981.1,022,+070.4,+030.7,,2025-02-11T22:41:03.7,+05.0,0004,\x032F'
b'Q,131,000.04,173,001.16,0981.1,022,+070.4,+030.7,,2025-02-11T22:41:04.7,+05.0,0004,\x032E'
b'Q,147,000.04,173,000.63,0981.1,022,+070.4,+030.7,+40.437512:-079.922984:+0333.90,2025-02-11T22:41:05.7,+05.0,0004,\x0314'
b'Q,157,000.04,173,000.28,0981.1,022,+070.4,+030.7,+40.437488:-079.922984:+0333.90,2025-02-11T22:41:06.7,+05.0,0004,\x031B'
b'Q,137,000.03,180,000.01,0981.1,022,+070.4,+030.6,+40.437456:-079.922960:+0333.90,2025-02-11T22:41:07.7,+05.0,0004,\x0314'
b'Q,135,000.04,175,000.26,0981.1,022,+070.4,+030.6,+40.437448:-079.922960:+0334.10,2025-02-11T22:41:08.7,+05.0,0004,\x0311'
b'Q,137,000.04,174,000.30,0981.1,022,+070.4,+030.6,+40.437448:-079.922960:+0334.30,2025-02-11T22:41:09.7,+05.0,0004,\x0316'
b'Q,144,000.06,172,000.31,0981.1,022,+070.4,+030.6,+40.437428:-079.922960:+0334.50,2025-02-11T22:41:10.7,+05.0,0004,\x031F'
b'Q,143,000.08,171,000.13,0981.1,022,+070.4,+030.6,+40.437412:-079.922960:+0334.60,2025-02-11T22:41:11.7,+05.0,0004,\x031E'
b'Q,145,000.10,171,000.33,0981.1,022,+070.4,+030.6,+40.437436:-079.922960:+0334.70,2025-02-11T22:41:12.7,+05.0,0004,\x0317'
b'Q,154,000.10,169,000.45,0981.1,022,+070.4,+030.5,+40.437436:-079.922944:+0334.70,2025-02-11T22:41:13.7,+05.0,0004,\x031B'
b'Q,166,000.10,173,000.53,0981.1,022,+070.4,+030.5,+40.437436:-079.922944:+0334.80,2025-02-11T22:41:14.7,+05.0,0004,\x031E'
b'Q,170,000.14,160,000.23,0981.1,022,+070.4,+030.5,+40.437424:-079.922944:+0334.90,2025-02-11T22:41:15.7,+05.0,0004,\x031B'
b'Q,156,000.10,153,000.06,0981.1,022,+070.4,+030.5,+40.437400:-079.922944:+0334.90,2025-02-11T22:41:16.7,+05.0,0004,\x0319'
b'Q,160,000.08,171,000.20,0981.1,022,+070.4,+030.5,+40.437400:-079.922944:+0334.90,2025-02-11T22:41:17.7,+05.0,0004,\x0310'
b'Q,149,000.07,172,000.16,0981.1,022,+070.4,+030.4,+40.437400:-079.922920:+0334.80,2025-02-11T22:41:18.7,+05.0,0004,\x031F'
b'Q,120,000.04,180,000.34,0981.1,022,+070.4,+030.4,+40.437412:-079.922896:+0334.60,2025-02-11T22:41:19.7,+05.0,0004,\x031E'
b'Q,100,000.03,180,000.47,0981.1,022,+070.4,+030.4,+40.437448:-079.922896:+0334.40,2025-02-11T22:41:20.7,+05.0,0004,\x0318'
b'Q,126,000.04,178,000.54,0981.1,022,+070.5,+030.4,+40.437460:-079.922888:+0334.20,2025-02-11T22:41:21.7,+05.0,0004,\x031D'
b'Q,097,000.04,188,000.88,0981.1,022,+070.4,+030.4,+40.437488:-079.922888:+0334.00,2025-02-11T22:41:22.7,+05.0,0004,\x031E'
b'Q,140,000.09,194,001.04,0981.1,022,+070.5,+030.4,+40.437512:-079.922888:+0333.80,2025-02-11T22:41:23.7,+05.0,0004,\x031D'
b'Q,148,000.14,201,001.30,0981.1,022,+070.5,+030.4,+40.437536:-079.922864:+0333.60,2025-02-11T22:41:24.7,+05.0,0004,\x031C'
b'Q,153,000.12,199,001.43,0981.1,022,+070.5,+030.3,+40.437556:-079.922848:+0333.50,2025-02-11T22:41:25.7,+05.0,0004,\x031B'
b'Q,131,000.10,202,001.83,0981.1,022,+070.5,+030.3,+40.437588:-079.922848:+0333.40,2025-02-11T22:41:26.7,+05.0,0004,\x0311'
b'Q,136,000.09,203,001.85,0981.1,022,+070.5,+030.3,,2025-02-11T22:41:27.7,+05.0,0004,\x032E'
b'Q,142,000.10,204,001.61,0981.1,022,+070.5,+030.3,,2025-02-11T22:41:28.7,+05.0,0004,\x0327'
b'Q,138,000.08,205,001.48,0981.1,022,+070.5,+030.3,,2025-02-11T22:41:29.7,+05.0,0004,\x0328'
b'Q,142,000.09,207,001.46,0981.1,022,+070.5,+030.2,,2025-02-11T22:41:30.7,+05.0,0004,\x0321'
b'Q,133,000.10,208,001.45,0981.1,022,+070.5,+030.2,,2025-02-11T22:41:31.7,+05.0,0004,\x0322'
b'Q,136,000.10,208,001.45,0981.1,022,+070.5,+030.2,,2025-02-11T22:41:32.7,+05.0,0004,\x0324'
b'Q,133,000.10,209,001.46,0981.1,022,+070.5,+030.2,,2025-02-11T22:41:33.7,+05.0,0004,\x0322'
b'Q,131,000.10,210,001.46,0981.1,022,+070.5,+030.2,,2025-02-11T22:41:34.7,+05.0,0004,\x032F'
b'Q,141,000.09,211,001.56,0981.1,022,+070.5,+030.2,,2025-02-11T22:41:35.7,+05.0,0004,\x0321'
b'Q,154,000.09,210,001.36,0981.1,022,+070.5,+030.2,,2025-02-11T22:41:36.7,+05.0,0004,\x0321'
b'Q,155,000.07,211,001.40,0981.1,022,+070.5,+030.2,,2025-02-11T22:41:37.7,+05.0,0004,\x032F'
b'Q,162,000.06,210,001.39,0981.1,022,+070.5,+030.1,,2025-02-11T22:41:38.7,+05.0,0004,\x0329'
b'Q,184,000.07,209,001.46,0981.1,022,+070.5,+030.1,,2025-02-11T22:41:39.7,+05.0,0004,\x0321'